Id,Saleprice
2,239935.9
4,160893.9
6,169136.58
7,153047.67
17,145432.39
18,32889.53
22,138896.27
27,144195.34
31,151136.49
36,134107.47
39,103787.29
40,140032.81
42,129869.32
46,198910.73
53,138673.07
58,109290.48
61,172534.17
72,150141.98
79,175364.79
80,187703.53
82,99233.92
83,95869.8
85,107805.14
88,103806.73
92,162095.01
93,131495.13
95,110726.54
102,226587.02
103,138946.67
106,74287.92
107,116784.74
110,135474.44
114,225966.17
116,114602.86
117,203224.95
118,177173.43
125,158102.35
126,66609.33
127,108208.47
128,199364.98
134,141501.46
135,185007.87
137,149116.52
143,103076.54
147,125112.86
148,51509.86
150,209337.37
156,122251.4
157,117797.33
159,80248.29
161,157642.98
167,214415.3
170,238967.12
171,131180.63
175,80202.97
179,147795.43
181,126767.23
186,112731.31
193,145852.4
194,219446.26
206,234997.24
208,83449.12
210,90786.47
211,157108.38
212,158903.69
214,235324.83
215,95376.24
217,127347.63
222,113769.83
227,98270.27
228,78452.1
233,229629.35
235,131298.17
238,144883.33
241,134941.14
252,157361.93
253,432406.24
256,98426.47
257,143498.51
258,93573.96
259,287974.69
261,197590.11
263,135412.81
266,154140.14
267,126070.41
270,161665.86
271,292907.07
276,134521.68
285,147723.97
288,199349.4
289,141748.66
290,104126.49
291,112231.2
292,193424.7
293,128825.66
294,94381.69
295,164218.98
304,157212.96
322,167729.83
326,169795.9
327,187645.68
328,326613.08
331,143436.75
332,115378.0
333,294225.82
335,142542.38
337,125024.11
342,151485.73
343,162777.47
347,145438.94
350,94158.71
352,176131.19
358,202067.9
359,128333.49
360,121222.9
368,119384.65
369,326293.24
373,163172.11
377,92440.43
383,317002.69
386,162054.97
387,320041.66
390,282640.77
391,173359.11
395,174261.93
397,122082.29
398,300787.18
401,129280.46
404,127908.59
408,70512.66
409,250014.51
410,152314.16
418,152888.6
422,98929.14
427,147848.96
431,173323.97
433,150053.06
437,168093.71
438,140712.22
442,127347.63
447,108895.5
459,135427.2
460,148313.25
464,134984.16
465,142730.55
467,98205.45
468,194816.24
474,217419.27
480,164568.91
481,147727.77
483,241696.18
488,214644.11
492,139320.42
494,147042.21
499,111835.23
500,148757.57
501,124837.54
503,19929.0
506,130707.9
508,192420.33
511,242223.54
515,191651.06
519,127734.6
521,128491.36
530,330007.69
532,215872.87
534,209854.96
540,128661.57
541,152375.86
551,214521.79
552,202500.23
554,338592.19
555,148096.77
556,168613.42
557,171462.61
565,164520.45
566,143715.86
567,205426.1
569,159966.4
570,36246.2
574,150594.57
575,112476.82
576,167064.89
577,254796.09
578,183715.22
583,140624.78
584,122135.62
585,174042.15
587,179252.6
593,94383.26
597,140158.67
598,163990.0
599,54222.99
600,136875.82
605,81942.89
607,162853.25
608,127437.93
611,219656.47
616,130983.19
625,89305.17
629,145925.83
630,256730.05
631,237995.45
640,99841.01
642,150529.05
643,184483.67
646,102304.33
647,128336.72
655,167540.34
659,139951.7
663,181353.21
665,160289.83
667,163268.0
673,118745.38
676,150015.44
680,235553.28
682,172946.66
687,140637.05
688,164119.48
692,90146.91
693,130743.1
695,162429.54
697,172155.38
700,163912.58
702,169422.75
703,134870.0
704,128274.73
712,235741.59
713,190906.69
717,107184.06
720,242541.67
721,150686.23
726,563.84
733,135518.34
736,92925.16
738,201402.1
741,164086.19
743,124216.4
745,326960.05
750,295134.67
756,145127.74
757,228990.36
758,148126.54
760,270701.63
765,219549.45
775,292698.2
776,244628.75
780,131116.79
783,96934.12
790,165752.72
795,227153.63
796,148107.12
797,145719.92
798,191718.64
804,208140.49
805,155388.86
806,47995.6
808,120099.77
814,330256.31
818,174667.46
821,167859.23
822,152841.09
825,177233.71
827,117318.98
830,136813.22
834,139234.74
835,172388.75
842,118880.09
845,165000.23
852,151180.94
857,110590.94
858,237888.03
859,205190.68
860,184916.52
861,215027.55
864,115217.08
868,133081.72
869,106339.81
872,193693.0
873,90511.44
885,98584.2
890,205056.27
895,222952.82
899,105961.03
906,126688.88
918,85810.63
923,205268.08
925,141022.68
927,108240.71
932,99112.58
933,138458.34
934,115524.36
942,96316.6
947,63942.32
948,92704.74
951,104606.16
957,98270.27
958,227668.86
959,202876.65
963,193979.99
967,125342.64
968,205296.93
971,227637.21
972,110020.18
976,173522.21
978,120614.34
979,71606.68
984,131179.3
986,197047.97
991,152047.57
996,91606.54
1001,132665.45
1007,149550.74
1008,194426.41
1009,214584.62
1014,179343.15
1022,284834.34
1024,283770.08
1027,170747.68
1030,187197.33
1032,85701.73
1035,9890.08
1042,116836.35
1047,139796.32
1050,216487.28
1055,143289.86
1059,96984.36
1061,143044.15
1064,152190.37
1077,170551.67
1081,138546.34
1092,183706.5
1093,164182.71
1095,195619.45
1099,108551.31
1101,101660.76
1103,125898.18
1109,121178.44
1112,137278.81
1113,113697.39
1114,84627.48
1116,129641.13
1117,103898.03
1119,100452.06
1121,197217.43
1122,221274.99
1125,218159.28
1137,155922.29
1142,114016.29
1144,177486.96
1145,109500.71
1147,185549.88
1148,160597.57
1149,116698.73
1150,197387.51
1153,112921.87
1154,216652.69
1159,192901.35
1161,208794.36
1167,203682.05
1171,197167.31
1174,154322.98
1188,104544.84
1189,73215.17
1191,179223.61
1195,213908.9
1199,149851.67
1201,132845.34
1204,154368.31
1211,196693.06
1214,134431.41
1219,225722.27
1220,111242.93
1227,142716.36
1229,330170.54
1231,98988.04
1234,209777.62
1235,119890.04
1239,137566.35
1240,153246.66
1241,108899.56
1246,137471.39
1249,204370.95
1250,278233.75
1252,270514.73
1259,201388.18
1267,127225.66
1269,188997.23
1270,152097.81
1272,123514.19
1274,152943.25
1276,105635.42
1279,256440.23
1281,145629.59
1286,113695.92
1287,213644.94
1290,94701.68
1291,178985.73
1297,159280.21
1302,109574.38
1303,139115.51
1312,173745.52
1315,171125.77
1322,81937.94
1327,211898.3
1331,116340.5
1333,119260.16
1334,164854.93
1336,217002.12
1341,258671.31
1344,124245.2
1347,170819.88
1348,123314.24
1353,187524.43
1355,81106.17
1356,236673.12
1357,252890.08
1361,85173.75
1364,216102.62
1368,111368.45
1369,99370.82
1371,151351.97
1373,116517.31
1374,191413.29
1387,90605.55
1388,217768.56
1392,302770.27
1394,93076.8
1406,220201.92
1407,136942.27
1408,244605.1
1409,110690.86
1411,134080.51
1412,92361.76
1413,172840.35
1414,90848.78
1425,235055.39
1430,125086.61
1431,163358.38
1435,148576.55
1441,115857.81
1444,163026.85
1445,134118.06
1446,136786.76
1452,206727.0
1453,131871.84
1456,163172.87
1457,73559.7
1460,55249.68
1463,237133.48
1468,199378.56
1471,178103.1
1474,213693.85
1475,128261.18
1476,183105.05
1478,204683.28
1482,214243.26
1483,201719.77
1484,156391.69
1485,186572.85
1496,165680.92
1497,107000.54
1500,127503.45
1506,167918.62
1507,377163.94
1509,148639.13
1510,177475.48
1513,182154.65
1517,222361.91
1518,64856.8
1523,108847.43
1524,117615.9
1526,237225.59
1529,152575.31
1531,91014.17
1535,177055.96
1536,211574.31
1538,137152.04
1540,138967.95
1543,115120.25
1545,150621.54
1546,77420.73
1557,192786.19
1558,90227.98
1559,164445.99
1563,171227.05
1568,125575.72
1571,103316.42
1578,155553.79
1579,138134.09
1584,137357.7
1586,171680.04
1604,209748.11
1606,223602.44
1610,186523.58
1611,293982.62
1618,138322.51
1623,114558.53
1624,72740.96
1628,151551.6
1633,121550.07
1645,179090.31
1649,213819.45
1652,176443.94
1653,105949.47
1656,196686.19
1662,148452.67
1668,146812.87
1670,101041.4
1672,34335.92
1673,241214.28
1674,185865.18
1677,72074.1
1678,127390.29
1679,136281.59
1685,92108.02
1692,139494.45
1693,128926.63
1696,184181.33
1709,300662.34
1711,219690.92
1717,82669.15
1718,85750.31
1721,149744.61
1722,136120.28
1725,162659.04
1726,309582.52
1730,120788.19
1731,98450.23
1733,141427.11
1737,89003.32
1746,87050.07
1747,153969.61
1748,144514.48
1749,206308.7
1760,150450.36
1761,130493.2
1762,44673.4
1768,143705.67
1769,182924.85
1770,153791.97
1776,125982.19
1781,102894.42
1785,11556.54
1792,80902.63
1798,176272.8
1812,229614.74
1814,210632.62
1817,125907.6
1818,97195.44
1822,214963.73
1823,104816.45
1829,272112.04
1838,53426.73
1845,161718.42
1851,244400.53
1855,65908.62
1856,107416.81
1858,106069.19
1865,172701.93
1866,123574.0
1867,120817.46
1868,161310.95
1876,201831.36
1878,141249.82
1879,91789.06
1882,134506.28
1883,93231.61
1887,163378.1
1895,85314.22
1898,118830.14
1904,156306.92
1908,121922.92
1917,134841.35
1918,147236.59
1920,135183.25
1922,132123.2
1923,153639.18
1931,106799.7
1935,149693.0
1936,145541.48
1939,186925.15
1943,125695.31
1944,223668.54
1946,158676.61
1952,140931.78
1954,133119.69
1958,121011.58
1964,112531.83
1966,228978.67
1969,195700.67
1977,139713.87
1980,93825.57
1984,133330.5
1985,102934.38
1988,294484.63
1989,182704.94
1991,144446.27
1992,131391.19
1997,123601.5
1999,272822.45
2003,79193.85
2005,208348.69
2010,137604.03
2012,151983.38
2016,159774.87
2017,44007.97
2022,176532.62
2023,109525.2
2035,185613.63
2036,150856.5
2040,191468.31
2042,286284.56
2043,196692.45
2055,86695.53
2056,132679.84
2059,36648.71
2064,172171.19
2066,238797.06
2070,111975.74
2071,145371.86
2078,205714.98
2080,107522.77
2085,147004.5
2089,56291.89
2090,192780.63
2092,136289.79
2094,212867.39
2095,132848.37
2098,175415.96
2099,105944.38
2103,176192.05
2120,168769.08
2122,123186.82
2123,94144.77
2134,161603.74
2135,176411.09
2136,148103.49
2143,139752.44
2145,125725.78
2146,179044.26
2148,274057.5
2155,103159.29
2156,182713.4
2157,206003.93
2159,150366.16
2161,122841.44
2164,230855.19
2165,179535.88
2169,111303.19
2171,119497.12
2180,134054.58
2182,153868.25
2184,53571.26
2185,142533.91
2188,31874.51
2191,177543.33
2192,202211.95
2196,209655.47
2198,193993.62
2204,164481.81
2210,149394.15
2213,136725.29
2215,143713.21
2219,204587.78
2221,298961.27
2224,254460.33
2228,145821.13
2232,198735.69
2239,130907.7
2246,258592.18
2247,214574.19
2249,213564.85
2251,195928.77
2254,89302.71
2256,111162.07
2259,142011.65
2263,135469.37
2266,37722.06
2271,137828.86
2274,121328.1
2275,251164.86
2280,161749.53
2281,161014.78
2291,209785.79
2292,183909.62
2295,138330.04
2297,163775.06
2299,287483.66
2302,89180.62
2303,175565.32
2304,146021.77
2308,84527.24
2312,180794.41
2314,147417.26
2315,146825.9
2316,150383.87
2320,190781.9
2321,281541.16
2322,98494.35
2325,245067.21
2336,100130.43
2340,144612.21
2341,127069.8
2342,144852.52
2345,272616.92
2346,236810.52
2347,125305.03
2354,121888.9
2357,141154.85
2359,297331.31
2360,209309.28
2361,154012.41
2362,149330.29
2366,128185.69
2367,81151.48
2370,159367.81
2373,195586.37
2376,216487.66
2378,145535.22
2382,127964.31
2387,218386.58
2392,253051.99
2395,155942.54
2396,108844.0
2397,241596.99
2399,162989.41
2401,160122.5
2402,97586.81
2407,199040.34
2411,95628.79
2414,214902.63
2418,175348.24
2419,233529.21
2424,131693.02
2427,167590.45
2430,129639.4
2439,177514.89
2441,132675.89
2442,112769.56
2446,129161.58
2447,202362.62
2452,168749.63
2457,173745.15
2458,135311.65
2462,165139.53
2465,111485.88
2467,205441.98
2473,197283.79
2478,147259.74
2479,209966.71
2482,249341.34
2485,179737.08
2488,132969.13
2494,155367.01
2500,109006.77
2509,171022.5
2512,296556.74
2514,110303.0
2515,176882.29
2516,137217.97
2518,117173.18
2519,214234.03
2520,85590.1
2527,143692.51
2532,212548.54
2538,205026.03
2539,140459.16
2543,194444.68
2551,224571.55
2554,140971.61
2555,195708.27
2557,178056.64
2561,170660.48
2563,151625.1
2564,114009.41
2570,146375.53
2571,193699.08
2576,138194.87
2582,140092.17
2584,207808.55
2587,143528.33
2589,319426.5
2591,106498.98
2597,137398.74
2602,67162.35
2605,108439.15
2610,240732.05
2611,126291.44
2614,176042.43
2616,154643.79
2617,141739.14
2620,231134.9
2623,135552.66
2631,242507.34
2638,110029.47
2639,96160.47
2645,133155.25
2647,194245.84
2648,218738.29
2650,215120.26
2652,109206.94
2656,157110.15
2658,145225.94
2661,132667.31
2665,208169.35
2673,53212.08
2678,81206.36
2679,172501.46
2680,104511.48
2685,115688.11
2695,124380.53
2698,245948.84
2700,140246.34
2706,167931.69
2708,128632.93
2709,201180.61
2711,151765.57
2718,117712.61
2719,149786.97
2721,156259.16
2725,131952.09
2726,91741.9
2732,250752.25
2733,175032.99
2739,168532.02
2747,166629.78
2751,335275.76
2754,135076.08
2755,176656.64
2756,140143.03
2758,138510.67
2763,147724.29
2764,224014.39
2765,138544.49
2766,113424.82
2768,62823.78
2781,219698.97
2784,181106.58
2785,122854.12
2786,124464.89
2796,177700.11
2797,154945.41
2801,123477.45
2805,122510.36
2806,190223.25
2812,139472.57
2817,215031.77
2822,207207.91
2825,125945.4
2828,185072.15
2831,114016.41
2843,131104.46
2845,124336.25
2847,118920.4
2855,147737.97
2856,129897.13
2859,186054.41
2865,46152.08
2867,215126.54
2869,103395.21
2870,253486.91
2874,139607.32
2876,80853.29
2889,147710.25
2892,101847.7
2895,204444.39
2898,171116.12
2901,127931.37
2902,198787.45
2908,155257.16
2909,138393.31
2916,236111.16
2917,206077.06
2919,175637.4
2921,196457.22
2922,73347.03
2925,114048.03
2928,96587.97
