Id,Saleprice
2,138151.59
4,277914.99
6,193763.95
7,219519.29
17,219408.77
18,337335.98
22,182003.23
27,113987.51
31,120729.11
36,149871.29
39,382587.68
40,244611.23
42,314296.24
46,217469.08
53,187296.45
58,172734.75
61,303029.24
72,228358.11
79,136245.1
80,221091.31
82,170390.71
83,105899.18
85,153293.43
88,119582.88
92,288981.05
93,279563.13
95,197803.38
102,210244.14
103,191771.9
106,245220.69
107,176189.12
110,231365.35
114,196624.5
116,178093.86
117,156921.23
118,147487.61
125,163923.03
126,172715.91
127,137711.66
128,206378.69
134,141488.48
135,163736.49
137,249183.62
143,144511.49
147,134758.01
148,193118.55
150,117245.59
156,128527.4
157,117610.66
159,161018.97
161,274019.84
167,135467.17
170,146960.42
171,79131.56
175,104860.37
179,133384.89
181,111482.58
186,214991.51
193,188089.83
194,80121.98
206,114354.92
208,159389.94
210,165277.09
211,103405.84
212,122304.14
214,107223.76
215,143292.55
217,148797.63
222,144101.25
227,143287.18
228,164648.64
233,224617.94
235,126213.5
238,137312.94
241,166344.01
252,188167.98
253,196441.13
256,139841.81
257,139540.3
258,188134.06
259,185070.49
261,142043.42
263,113540.55
266,231149.26
267,237250.69
270,164121.42
271,255952.68
276,130848.5
285,153557.82
288,58662.53
289,136761.43
290,125091.68
291,145480.86
292,126597.5
293,216097.76
294,212572.92
295,182106.54
304,143002.65
322,357204.35
326,167972.31
327,99057.84
328,130095.56
331,71862.65
332,78695.34
333,90412.17
335,142043.83
337,200672.49
342,126925.33
343,186308.71
347,179766.73
350,316754.67
352,207166.89
358,214410.66
359,169060.53
360,157857.35
368,291066.2
369,229970.89
373,195465.22
377,249929.77
383,186014.44
386,229228.84
387,237393.04
390,165247.44
391,154544.33
395,153558.31
397,124464.62
398,113229.83
401,111197.52
404,144271.26
408,128322.65
409,139598.06
410,154880.7
418,141557.07
422,421004.88
427,370249.98
431,399386.26
433,460952.64
437,331957.98
438,261763.16
442,370320.56
447,221351.7
459,363776.95
460,326032.31
464,203565.09
465,188399.82
467,173830.47
468,175589.14
474,181946.65
480,204449.08
481,198378.81
483,223413.01
488,177105.82
492,167830.85
494,162678.52
499,312430.01
500,279793.17
501,307321.18
503,254499.69
506,220907.03
508,261692.26
511,272120.94
515,222924.95
519,232428.06
521,268097.1
530,231291.8
532,233576.81
534,194073.52
540,195083.48
541,127984.21
551,149735.11
552,165674.32
554,102216.59
555,118509.73
556,134618.74
557,129331.7
565,238515.24
566,273261.45
567,166667.14
569,218537.5
570,203677.11
574,242127.28
575,347436.26
576,207775.02
577,220245.6
578,235572.95
583,220820.82
584,227760.59
585,161069.72
587,189336.61
593,220280.35
597,225019.09
598,175013.75
599,174798.55
600,98464.98
605,179785.63
607,176613.87
608,158682.04
611,177592.61
616,125024.22
625,183723.59
629,159632.93
630,120487.58
631,149914.96
640,193539.81
642,191277.25
643,131716.62
646,111653.82
647,172421.95
655,66652.07
659,112641.93
663,39097.46
665,103950.42
667,230793.31
673,149880.26
676,120423.68
680,146728.75
682,130438.06
687,139987.82
688,172751.58
692,120085.53
693,110081.05
695,165019.81
697,114979.37
700,168331.01
702,159641.75
703,137419.93
704,104447.15
712,100280.58
713,91052.58
717,235998.76
720,191898.32
721,61975.32
726,155444.86
733,114590.17
736,105198.72
738,115323.46
741,135401.77
743,39906.62
745,96219.62
750,161284.11
756,86335.58
757,133392.09
758,163804.71
760,107404.12
765,139263.87
775,125315.33
776,117385.99
780,181523.89
783,204689.34
790,113164.58
795,82178.26
796,146909.29
797,150611.09
798,120924.84
804,219971.67
805,232544.4
806,241165.2
808,138611.81
814,170511.09
818,265710.2
821,290411.39
822,370293.56
825,280046.28
827,250178.08
830,211141.52
834,225929.21
835,216508.35
842,135629.61
845,213618.94
852,227537.47
857,124823.16
858,138155.23
859,106883.42
860,132814.69
861,113599.67
864,255143.4
868,200787.58
869,219751.16
872,272924.82
873,232632.19
885,106936.99
890,121263.57
895,91107.6
899,80873.19
906,128841.22
918,141439.88
923,159062.89
925,111394.78
927,124410.22
932,217121.57
933,129744.42
934,149169.69
942,99323.97
947,254166.91
948,276367.55
951,142214.52
957,233792.39
958,313283.68
959,203751.27
963,182056.28
967,223533.96
968,383742.51
971,148124.53
972,174891.35
976,82323.35
978,74565.9
979,93306.96
984,100849.83
986,139766.78
991,205847.35
996,180905.2
1001,237129.48
1007,209710.35
1008,182886.4
1009,215859.85
1014,155872.88
1022,250848.82
1024,186604.5
1027,126082.51
1030,157892.46
1032,154293.22
1035,157442.85
1042,145934.61
1047,154718.43
1050,104425.8
1055,272900.05
1059,376896.99
1061,355138.3
1064,463810.95
1077,217139.85
1081,243020.97
1092,220318.79
1093,180507.75
1095,202719.9
1099,280265.96
1101,281393.77
1103,305298.74
1109,255188.83
1112,210735.27
1113,245397.54
1114,235274.08
1116,242586.79
1117,243398.86
1119,266409.2
1121,223649.78
1122,200403.78
1125,264679.46
1137,172772.3
1142,223341.03
1144,196151.46
1145,212823.96
1147,199444.84
1148,206454.03
1149,174964.89
1150,129466.24
1153,112760.62
1154,103236.78
1159,331416.4
1161,180802.93
1167,169401.28
1171,295655.48
1174,194610.81
1188,196084.78
1189,177913.32
1191,153150.07
1195,139048.9
1199,174293.25
1201,199759.78
1204,202997.23
1211,159363.43
1214,175547.27
1219,137360.67
1220,51560.55
1227,193802.81
1229,221965.48
1231,132648.63
1234,214406.1
1235,126429.92
1239,187340.54
1240,172315.61
1241,193085.83
1246,102584.46
1249,180975.19
1250,131665.6
1252,142224.42
1259,165537.15
1267,122629.98
1269,107240.57
1270,147932.31
1272,118764.95
1274,143448.23
1276,122615.64
1279,138362.24
1281,177614.94
1286,148842.51
1287,117561.15
1290,78390.67
1291,142733.0
1297,162196.67
1302,147463.33
1303,24767.52
1312,85858.52
1315,133692.16
1322,55098.99
1327,94277.75
1331,131913.11
1333,119876.09
1334,112919.26
1336,97363.72
1341,100693.7
1344,82827.35
1347,154597.85
1348,170538.4
1353,174201.4
1355,126598.83
1356,117238.69
1357,173217.73
1361,145514.09
1364,117591.97
1368,116370.61
1369,91553.74
1371,122803.61
1373,127667.49
1374,110049.49
1387,136523.89
1388,101549.51
1392,172130.77
1394,136729.39
1406,166333.0
1407,206086.13
1408,153277.03
1409,162144.04
1411,207268.36
1412,109119.98
1413,149296.16
1414,121940.2
1425,251454.99
1430,185120.25
1431,197610.27
1435,221009.73
1441,227817.67
1444,218336.55
1445,118571.37
1446,142150.23
1452,106392.62
1453,110866.42
1456,234880.47
1457,236861.83
1460,280654.77
1463,254562.62
1468,225128.99
1471,205536.65
1474,219719.86
1475,201410.83
1476,230380.27
1478,203972.59
1482,163596.71
1483,163596.71
1484,164738.73
1485,164849.48
1496,141092.06
1497,151780.73
1500,152550.99
1506,134627.18
1507,96910.25
1509,108812.62
1510,137625.08
1513,108315.89
1517,142028.54
1518,160359.21
1523,181533.3
1524,141819.19
1526,136976.17
1529,187101.97
1531,149129.77
1535,121443.97
1536,161990.16
1538,323168.45
1540,204842.55
1543,133012.45
1545,107961.6
1546,110652.13
1557,76391.4
1558,102438.9
1559,72021.87
1563,266390.33
1568,168413.87
1571,203175.14
1578,145133.17
1579,203301.59
1584,243512.65
1586,286349.99
1604,125720.14
1606,134519.94
1610,187493.75
1611,127313.68
1618,154232.18
1623,189640.0
1624,191050.58
1628,188894.49
1633,234097.99
1645,150121.93
1649,226895.93
1652,150800.36
1653,173670.62
1656,159577.34
1662,184693.47
1668,111826.66
1670,102111.14
1672,108546.45
1673,153799.44
1674,184501.46
1677,143143.72
1678,172717.63
1679,125568.39
1685,368270.27
1692,424173.9
1693,307428.84
1696,430244.84
1709,301804.56
1711,304834.34
1717,204319.44
1718,206706.55
1721,236478.03
1722,220432.84
1725,349873.9
1726,215589.13
1730,174366.0
1731,177491.65
1733,177282.04
1737,195191.51
1746,236608.82
1747,191096.75
1748,186530.76
1749,212253.71
1760,182478.31
1761,464077.71
1762,316638.3
1768,530049.27
1769,228817.83
1770,286492.69
1776,203003.95
1781,417059.12
1785,356099.02
1792,225317.91
1798,258514.91
1812,202121.14
1814,237153.28
1817,137986.3
1818,184093.35
1822,123666.71
1823,133888.54
1829,241877.21
1838,197206.53
1845,189711.23
1851,207450.62
1855,294391.11
1856,181525.85
1858,214127.63
1865,226441.84
1866,159086.31
1867,192428.95
1868,220607.39
1876,136746.65
1878,153559.5
1879,168182.26
1882,123283.02
1883,120467.72
1887,91848.62
1895,155081.73
1898,150647.84
1904,50176.55
1908,165858.61
1917,133706.67
1918,128285.89
1920,121358.58
1922,132910.42
1923,147111.14
1931,162076.44
1935,120083.33
1936,119807.86
1939,117113.9
1943,111073.75
1944,115834.47
1946,245570.63
1952,115286.06
1954,100249.24
1958,132104.22
1964,123416.25
1966,131594.79
1969,97698.09
1977,120441.54
1980,76812.41
1984,125767.82
1985,84429.74
1988,99054.24
1989,112704.25
1991,147427.63
1992,125028.38
1997,121458.81
1999,199635.89
2003,106983.6
2005,107768.77
2010,108158.36
2012,131871.5
2016,119979.23
2017,123943.49
2022,171835.26
2023,160460.91
2035,161886.98
2036,215150.26
2040,101582.71
2042,160368.72
2043,82466.79
2055,122534.87
2056,109272.98
2059,106478.31
2064,125441.34
2066,217772.45
2070,137541.92
2071,86180.54
2078,237553.12
2080,171762.19
2085,138490.74
2089,130128.79
2090,179042.34
2092,247361.58
2094,243510.46
2095,225371.63
2098,329746.6
2099,260040.73
2103,259591.61
2120,145080.64
2122,182134.9
2123,167014.29
2134,208461.34
2135,115779.4
2136,128180.84
2143,165586.62
2145,298910.04
2146,257996.68
2148,212323.99
2155,281902.75
2156,266783.04
2157,163208.27
2159,210905.09
2161,191553.77
2164,201749.47
2165,177697.57
2169,137023.31
2171,108866.46
2180,148482.07
2182,564702.77
2184,127014.83
2185,102834.78
2188,65630.87
2191,99711.41
2192,84437.82
2196,192949.39
2198,81749.14
2204,161395.08
2210,182413.96
2213,140419.45
2215,260806.21
2219,249989.21
2221,223848.02
2224,195652.36
2228,173020.48
2232,117788.9
2239,113905.49
2246,276052.71
2247,277932.13
2249,149583.82
2251,194994.33
2254,150276.6
2256,225525.63
2259,255205.0
2263,238863.12
2266,216910.21
2271,190126.42
2274,214575.34
2275,247219.89
2280,145580.42
2281,122333.1
2291,88353.07
2292,152702.81
2295,217242.64
2297,103359.07
2299,155469.0
2302,110622.6
2303,116064.01
2304,111109.17
2308,202582.93
2312,225411.11
2314,170622.98
2315,178548.22
2316,171169.92
2320,233532.53
2321,275876.32
2322,214129.7
2325,176448.77
2336,351054.93
2340,277007.69
2341,293056.57
2342,401802.56
2345,229317.48
2346,184261.57
2347,160069.52
2354,244251.05
2357,200592.37
2359,163516.66
2360,132159.86
2361,83488.44
2362,85379.86
2366,144031.79
2367,127224.88
2370,136936.83
2373,117639.21
2376,121332.86
2378,144905.55
2382,245574.01
2387,284507.21
2392,373844.78
2395,322490.81
2396,330641.25
2397,303713.38
2399,380226.86
2401,416784.05
2402,292586.56
2407,203048.98
2411,178790.16
2414,197202.57
2418,262708.5
2419,192750.88
2424,200296.97
2427,184291.8
2430,231742.16
2439,211831.86
2441,248901.59
2442,237689.83
2446,423427.86
2447,382925.13
2452,295857.06
2457,350223.06
2458,272670.47
2462,369541.23
2465,195613.74
2467,197133.32
2473,143265.86
2478,188949.42
2479,185421.55
2482,173549.85
2485,128854.42
2488,160708.47
2494,117334.36
2500,256429.57
2509,170130.22
2512,197964.62
2514,165327.3
2515,208411.98
2516,228702.56
2518,174244.36
2519,203053.82
2520,195696.72
2527,181791.16
2532,129078.14
2538,128679.99
2539,150727.36
2543,118099.7
2551,131428.98
2554,108400.41
2555,103453.15
2557,86491.68
2561,135066.54
2563,147906.01
2564,139018.14
2570,120842.24
2571,276091.7
2576,157501.89
2582,130013.0
2584,145560.33
2587,127262.89
2589,120065.71
2591,214969.45
2597,106830.65
2602,145526.03
2605,187819.65
2610,182090.15
2611,150273.46
2614,134285.71
2616,209709.23
2617,186937.39
2620,140793.06
2623,88351.41
2631,157370.72
2638,142474.41
2639,129141.1
2645,156302.04
2647,89014.73
2648,159343.75
2650,116199.96
2652,120137.09
2656,94060.58
2658,162999.52
2661,187370.29
2665,175287.26
2673,147452.25
2678,86636.76
2679,121102.6
2680,63254.76
2685,98934.1
2695,120101.27
2698,118697.41
2700,191558.74
2706,129779.73
2708,139795.43
2709,152304.89
2711,124707.91
2718,188150.19
2719,192136.18
2721,169716.01
2725,165194.5
2726,218798.81
2732,216740.48
2733,137002.19
2739,194991.84
2747,189650.67
2751,229492.81
2754,205261.23
2755,239363.79
2756,222524.3
2758,234458.54
2763,218106.87
2764,241105.19
2765,185345.77
2766,143282.32
2768,166204.82
2781,241690.14
2784,183138.14
2785,112007.01
2786,103564.85
2796,252808.58
2797,273270.39
2801,239627.7
2805,236096.33
2806,215860.27
2812,203903.18
2817,113693.5
2822,141705.76
2825,236892.02
2828,154218.23
2831,185221.42
2843,140523.12
2845,104265.51
2847,144344.05
2855,160333.15
2856,128931.53
2859,139634.82
2865,181550.28
2867,157808.39
2869,200228.6
2870,202304.87
2874,144686.84
2876,74791.83
2889,144935.44
2892,277406.58
2895,252516.44
2898,238049.77
2901,286586.79
2902,304081.28
2908,123910.82
2909,121997.18
2916,154472.7
2917,122911.95
2919,79395.34
2921,91388.93
2922,198123.8
2925,166481.24
2928,117059.77
