Id,Saleprice
2,126621.4
4,270116.8
6,192311.98
7,210341.36
17,244355.89
18,371765.17
22,185944.01
27,125500.86
31,103451.93
36,149860.72
39,384391.0
40,242039.0
42,294142.93
46,213463.88
53,161474.06
58,152076.68
61,339865.45
72,229651.57
79,114295.66
80,207731.98
82,139286.84
83,106707.93
85,153265.24
88,130010.2
92,282243.08
93,302982.52
95,183533.74
102,182662.39
103,171260.55
106,252714.25
107,135037.52
110,244363.69
114,198097.21
116,184640.6
117,164679.09
118,148385.46
125,165197.05
126,125995.93
127,136932.02
128,159185.36
134,142320.21
135,164808.91
137,248296.19
143,145195.63
147,138924.48
148,173321.14
150,127296.86
156,133231.53
157,110938.41
159,169968.67
161,221093.1
167,141799.35
170,230598.22
171,79872.11
175,88292.64
179,130263.22
181,123406.71
186,184497.65
193,221235.89
194,85517.28
206,108834.84
208,131439.51
210,138188.99
211,106718.25
212,139841.65
214,120434.7
215,136543.9
217,120749.69
222,143227.14
227,155980.91
228,131260.3
233,220136.11
235,133144.31
238,135573.59
241,169429.18
252,185088.49
253,173701.97
256,139412.63
257,141839.8
258,196887.0
259,197551.31
261,140376.62
263,116921.09
266,218624.89
267,236235.77
270,137079.53
271,205201.83
276,87032.53
285,146522.0
288,71035.48
289,141026.85
290,110391.11
291,110464.09
292,125702.88
293,200886.26
294,229886.5
295,170142.31
304,133192.23
322,390794.4
326,167065.93
327,119757.0
328,130029.29
331,86910.6
332,87939.6
333,103532.34
335,147196.01
337,205072.81
342,124954.41
343,176925.02
347,174019.02
350,319937.25
352,211683.55
358,160875.03
359,178516.16
360,153234.56
368,312316.35
369,241105.73
373,192208.34
377,253244.56
383,177998.18
386,217282.42
387,211349.6
390,165393.16
391,143700.04
395,153577.11
397,129367.51
398,117510.18
401,123208.27
404,138471.3
408,118010.37
409,147179.5
410,152751.55
418,120337.1
422,460579.35
427,367315.74
431,403542.62
433,488869.5
437,406482.4
438,271373.46
442,358447.96
447,209741.54
459,365993.79
460,241695.17
464,192935.07
465,157558.69
467,199814.04
468,196505.51
474,153347.69
480,186154.26
481,188755.06
483,217725.93
488,194965.79
492,175747.84
494,150310.86
499,338062.16
500,283984.41
501,267946.03
503,267487.08
506,220528.11
508,270576.55
511,292649.37
515,236418.98
519,232466.92
521,284210.14
530,247525.55
532,235658.5
534,180577.73
540,170856.03
541,129451.15
551,135394.37
552,138606.39
554,93708.11
555,134100.34
556,134149.16
557,132039.25
565,208768.66
566,303737.43
567,150388.0
569,190117.35
570,196998.76
574,226666.26
575,281620.81
576,219255.86
577,239367.65
578,221557.13
583,223112.28
584,224136.12
585,161329.06
587,180335.46
593,216726.02
597,219155.7
598,169057.54
599,172281.94
600,108623.77
605,164561.03
607,165871.69
608,156178.15
611,176095.67
616,129135.3
625,174589.07
629,157746.64
630,117097.75
631,164994.11
640,213396.3
642,189836.87
643,133807.55
646,102332.35
647,186411.97
655,85457.72
659,84604.59
663,41887.1
665,98679.88
667,215283.59
673,138325.88
676,135100.69
680,157200.03
682,135979.43
687,136489.37
688,157141.46
692,135963.73
693,107032.21
695,175995.12
697,107994.51
700,120937.71
702,154767.89
703,127002.67
704,108506.58
712,91259.05
713,100408.94
717,226530.02
720,210583.79
721,91976.56
726,168929.15
733,120376.74
736,107236.61
738,139244.09
741,127151.02
743,56429.67
745,96926.89
750,173405.43
756,91949.53
757,133250.57
758,171523.39
760,115314.66
765,152739.97
775,120104.83
776,123327.31
780,136100.38
783,190753.21
790,116260.74
795,97519.5
796,156297.54
797,153583.24
798,119139.82
804,215245.27
805,236243.18
806,258197.79
808,126943.19
814,163307.14
818,282440.32
821,264455.63
822,346078.86
825,287168.66
827,251681.65
830,200533.92
834,230287.56
835,247972.72
842,139196.16
845,211083.82
852,211651.45
857,135241.32
858,158580.77
859,113524.06
860,129443.92
861,115814.67
864,248414.11
868,192992.21
869,203265.39
872,287648.16
873,232125.54
885,115737.85
890,129712.8
895,105446.75
899,90478.85
906,141361.53
918,127432.27
923,166289.63
925,108218.98
927,131950.6
932,190413.63
933,98462.41
934,129203.32
942,106064.92
947,265486.38
948,300923.73
951,139673.84
957,231053.73
958,273330.81
959,220719.34
963,203591.52
967,229975.76
968,363071.9
971,105513.68
972,170625.81
976,97631.94
978,90755.23
979,107430.88
984,125305.38
986,160267.09
991,201343.05
996,186948.84
1001,248028.8
1007,199718.9
1008,197150.91
1009,202821.04
1014,155404.05
1022,258334.61
1024,226833.56
1027,129180.43
1030,151072.7
1032,162286.98
1035,148213.94
1042,104141.55
1047,139284.53
1050,113492.95
1055,298327.86
1059,427221.51
1061,376766.78
1064,547246.02
1077,187790.84
1081,236124.81
1092,217818.05
1093,192071.26
1095,193832.13
1099,285044.8
1101,295787.04
1103,355447.72
1109,285824.18
1112,208560.92
1113,244517.94
1114,243194.67
1116,245982.41
1117,227349.31
1119,267264.77
1121,210399.11
1122,190397.72
1125,249497.93
1137,175030.97
1142,214524.86
1144,191318.22
1145,209377.47
1147,199221.77
1148,188662.84
1149,161421.05
1150,136008.5
1153,125166.88
1154,112734.25
1159,375723.26
1161,128553.4
1167,173526.11
1171,297565.97
1174,167712.0
1188,204860.72
1189,181602.32
1191,140642.84
1195,141742.94
1199,178238.73
1201,196973.36
1204,187566.75
1211,158577.92
1214,171564.21
1219,139994.83
1220,78415.73
1227,182560.29
1229,194175.95
1231,135044.12
1234,225641.31
1235,143918.36
1239,182319.41
1240,173149.48
1241,196670.68
1246,107942.63
1249,158191.35
1250,120230.2
1252,127381.16
1259,164815.61
1267,106700.0
1269,99464.02
1270,143585.66
1272,129867.95
1274,135346.58
1276,101487.52
1279,136779.98
1281,165303.23
1286,150388.87
1287,117454.97
1290,76247.09
1291,125734.79
1297,162893.13
1302,127822.96
1303,54884.44
1312,92151.09
1315,110883.42
1322,28628.88
1327,104072.53
1331,144075.92
1333,129420.3
1334,116602.89
1336,96453.27
1341,102431.21
1344,90228.61
1347,138509.66
1348,169691.61
1353,174853.86
1355,142643.23
1356,121130.33
1357,184028.5
1361,153314.02
1364,112677.63
1368,105775.58
1369,97748.68
1371,124868.56
1373,144648.09
1374,122832.72
1387,127688.66
1388,125739.64
1392,153762.78
1394,155710.32
1406,153263.5
1407,210973.98
1408,145736.62
1409,176144.05
1411,251382.86
1412,133967.24
1413,163827.54
1414,137113.71
1425,247715.79
1430,207655.12
1431,188880.3
1435,235230.2
1441,236183.72
1444,216965.95
1445,128717.25
1446,155405.74
1452,113013.54
1453,118366.34
1456,220234.33
1457,232462.61
1460,242625.7
1463,256679.59
1468,230793.04
1471,204483.57
1474,218043.09
1475,192357.53
1476,227137.76
1478,175831.98
1482,137928.12
1483,137928.12
1484,137555.37
1485,135972.77
1496,141645.06
1497,162165.71
1500,147765.29
1506,71750.77
1507,63619.71
1509,118239.43
1510,137294.74
1513,103912.3
1517,146236.58
1518,136786.66
1523,179685.1
1524,141385.78
1526,142826.41
1529,162660.23
1531,148703.86
1535,130725.66
1536,163316.89
1538,264633.94
1540,210860.9
1543,108025.66
1545,109775.54
1546,104740.37
1557,85368.12
1558,58346.93
1559,80488.09
1563,283129.48
1568,177471.6
1571,189524.07
1578,148843.44
1579,189512.44
1584,243674.87
1586,304004.77
1604,136736.33
1606,118089.54
1610,182053.67
1611,133079.72
1618,165066.78
1623,194764.2
1624,182511.64
1628,133294.33
1633,247978.49
1645,154543.06
1649,184859.8
1652,139641.14
1653,183057.72
1656,154293.45
1662,191893.87
1668,124378.1
1670,86728.51
1672,106093.92
1673,131082.49
1674,172856.97
1677,123982.49
1678,159248.77
1679,104069.16
1685,357136.26
1692,454650.93
1693,357301.58
1696,466969.2
1709,323553.89
1711,341256.11
1717,199374.92
1718,203210.42
1721,223938.25
1722,192252.75
1725,331879.13
1726,185430.61
1730,168947.19
1731,163191.96
1733,185141.18
1737,184342.19
1746,272887.7
1747,181541.58
1748,151376.01
1749,213666.53
1760,193393.28
1761,520568.61
1762,352289.99
1768,629775.12
1769,251780.91
1770,308861.83
1776,195278.26
1781,415117.49
1785,388914.15
1792,233975.44
1798,256211.57
1812,195073.46
1814,240251.95
1817,132237.79
1818,81461.56
1822,145657.93
1823,136844.53
1829,232299.83
1838,183750.63
1845,163644.17
1851,205888.71
1855,256104.44
1856,189167.68
1858,219194.78
1865,175830.18
1866,156006.58
1867,191998.43
1868,215209.54
1876,145416.0
1878,165339.48
1879,147524.03
1882,129944.03
1883,119745.95
1887,92959.47
1895,141727.46
1898,150341.18
1904,52055.0
1908,171493.53
1917,143517.19
1918,139507.21
1920,129005.11
1922,131617.75
1923,149745.9
1931,153275.61
1935,131162.13
1936,118609.13
1939,122665.57
1943,114933.79
1944,110143.29
1946,207329.1
1952,52637.61
1954,106283.87
1958,135503.76
1964,139399.84
1966,134914.77
1969,92438.82
1977,123597.57
1980,90095.4
1984,145327.17
1985,106690.43
1988,99372.66
1989,105341.17
1991,150818.7
1992,124984.39
1997,128730.53
1999,201336.6
2003,115935.19
2005,111717.61
2010,116906.56
2012,131123.0
2016,118920.89
2017,125875.47
2022,168189.43
2023,164982.15
2035,160745.47
2036,213676.81
2040,92118.22
2042,174060.94
2043,86802.37
2055,120021.21
2056,119299.63
2059,112582.26
2064,114127.82
2066,116515.02
2070,136328.45
2071,92962.32
2078,208539.71
2080,170895.17
2085,146986.82
2089,116757.67
2090,209686.96
2092,245045.75
2094,255921.37
2095,212268.33
2098,346436.08
2099,261040.2
2103,258530.3
2120,135175.86
2122,171965.09
2123,159974.45
2134,193604.67
2135,128558.78
2136,129930.56
2143,110036.67
2145,318806.3
2146,261211.72
2148,202858.96
2155,296885.55
2156,291776.58
2157,142449.79
2159,211785.49
2161,168799.33
2164,195700.58
2165,168633.97
2169,145599.22
2171,116785.62
2180,161172.17
2182,570683.16
2184,134045.19
2185,76263.65
2188,69483.18
2191,100485.02
2192,96729.01
2196,-22004.01
2198,84530.38
2204,150736.89
2210,188612.92
2213,117891.58
2215,245101.85
2219,240103.6
2221,216327.7
2224,196511.71
2228,150250.3
2232,102956.25
2239,111748.74
2246,285512.77
2247,285721.21
2249,122858.67
2251,194340.17
2254,133818.59
2256,227586.59
2259,127310.23
2263,235976.57
2266,226114.35
2271,176828.81
2274,162832.78
2275,254587.19
2280,148508.07
2281,112666.17
2291,98273.83
2292,149604.43
2295,207989.16
2297,113153.67
2299,141072.03
2302,123667.99
2303,132565.21
2304,125347.13
2308,168392.91
2312,236438.04
2314,169233.47
2315,196152.78
2316,174325.5
2320,220402.77
2321,287187.6
2322,269564.72
2325,175192.63
2336,378884.43
2340,288964.14
2341,310963.65
2342,411356.14
2345,221644.99
2346,181452.77
2347,154928.78
2354,272071.52
2357,207031.25
2359,166245.32
2360,140579.08
2361,97291.45
2362,118444.91
2366,139588.74
2367,97139.55
2370,125198.31
2373,83797.41
2376,137890.69
2378,142424.85
2382,252259.92
2387,310976.29
2392,378836.96
2395,365748.79
2396,362710.87
2397,282982.56
2399,366981.13
2401,473183.65
2402,279654.05
2407,183272.83
2411,169601.53
2414,179972.14
2418,280084.05
2419,170057.28
2424,185767.41
2427,150710.6
2430,233928.18
2439,196250.06
2441,254660.16
2442,238793.11
2446,521353.24
2447,406611.88
2452,291545.45
2457,356830.88
2458,271208.89
2462,454884.62
2465,172836.49
2467,176952.52
2473,135520.3
2478,203217.03
2479,184688.5
2482,159968.54
2485,126473.59
2488,121113.23
2494,133127.95
2500,279638.56
2509,125768.72
2512,172734.35
2514,98521.08
2515,214545.75
2516,209797.41
2518,185108.02
2519,216253.17
2520,189711.54
2527,162056.04
2532,132387.45
2538,144493.06
2539,159020.76
2543,119647.5
2551,134576.34
2554,113616.24
2555,111081.95
2557,106026.99
2561,137246.29
2563,162888.29
2564,150569.93
2570,130094.87
2571,305483.57
2576,153395.45
2582,127031.39
2584,138530.42
2587,118338.16
2589,137185.87
2591,211751.84
2597,116479.93
2602,144338.52
2605,121780.93
2610,188182.83
2611,148802.22
2614,127161.41
2616,211906.03
2617,123457.74
2620,129609.15
2623,102033.96
2631,157139.88
2638,142040.05
2639,115905.9
2645,110616.52
2647,93888.0
2648,138572.66
2650,113336.21
2652,118805.47
2656,106696.62
2658,174332.47
2661,165995.01
2665,166431.22
2673,147601.6
2678,95061.5
2679,125634.63
2680,68255.9
2685,98095.53
2695,126851.89
2698,120775.22
2700,162682.71
2706,128500.77
2708,136387.67
2709,150604.16
2711,126367.45
2718,178943.46
2719,158121.5
2721,151612.16
2725,162871.71
2726,234045.51
2732,236866.13
2733,131707.86
2739,223519.31
2747,205747.4
2751,254842.23
2754,188929.38
2755,242450.0
2756,230227.65
2758,229350.59
2763,194084.18
2764,246403.26
2765,164002.15
2766,148497.45
2768,166138.76
2781,278704.43
2784,176884.27
2785,122996.64
2786,124120.19
2796,250021.72
2797,284465.28
2801,252128.44
2805,254527.0
2806,219445.87
2812,204250.72
2817,113207.02
2822,144180.3
2825,261705.92
2828,150022.14
2831,181520.86
2843,124697.86
2845,102731.24
2847,149490.71
2855,168164.94
2856,136276.97
2859,144228.06
2865,176606.89
2867,152431.32
2869,175139.45
2870,187221.21
2874,145350.92
2876,71888.5
2889,147356.77
2892,272441.0
2895,238434.43
2898,249136.66
2901,297336.17
2902,326684.81
2908,135559.52
2909,122666.12
2916,142061.38
2917,60789.8
2919,89504.96
2921,105656.88
2922,193601.57
2925,167884.33
2928,126248.54
