Id,Saleprice
2,147867.62
4,249162.31
6,195429.4
7,227218.17
17,243557.6
18,327258.05
22,197350.56
27,113161.05
31,122303.46
36,160978.11
39,328462.06
40,257650.93
42,297615.35
46,216043.65
53,183120.24
58,184720.97
61,315368.36
72,226787.21
79,147318.28
80,213212.83
82,186070.36
83,103661.77
85,152880.19
88,124168.72
92,296236.95
93,291083.41
95,197458.7
102,198707.72
103,190669.53
106,252074.1
107,186724.55
110,231621.06
114,202635.61
116,188569.85
117,170340.54
118,152225.04
125,163639.26
126,186323.72
127,124401.73
128,197290.59
134,135362.91
135,167275.86
137,263642.69
143,145902.93
147,139263.97
148,206537.94
150,110711.38
156,132239.17
157,121057.67
159,176813.15
161,274788.29
167,140414.14
170,124628.52
171,73110.75
175,76274.99
179,124217.83
181,103934.3
186,214725.67
193,189242.13
194,59951.34
206,121393.27
208,148713.0
210,168435.96
211,91400.11
212,129732.13
214,98725.37
215,141121.27
217,152268.96
222,129022.8
227,147944.81
228,173143.3
233,220181.38
235,106929.71
238,143600.74
241,168691.03
252,203062.48
253,197507.79
256,153925.53
257,145844.81
258,201983.6
259,188944.42
261,150167.57
263,120448.92
266,231236.23
267,236009.3
270,152782.17
271,256634.33
276,139601.43
285,153465.55
288,37279.29
289,125854.73
290,131442.53
291,148194.76
292,124127.23
293,202654.47
294,217357.72
295,185599.88
304,153864.33
322,300244.01
326,164984.85
327,90213.76
328,132739.06
331,71876.73
332,80141.63
333,84450.26
335,138365.41
337,200871.4
342,140522.22
343,201340.22
347,194965.02
350,322921.15
352,230039.65
358,168033.47
359,167157.55
360,156885.91
368,298819.29
369,233810.02
373,218411.39
377,257067.22
383,176526.82
386,232101.15
387,239704.89
390,188639.16
391,166930.1
395,155884.93
397,124222.26
398,112280.59
401,110164.74
404,148154.95
408,127896.48
409,150328.9
410,165408.28
418,158598.66
422,370404.17
427,315978.19
431,363430.69
433,417070.65
437,306993.05
438,273003.91
442,320075.75
447,222147.39
459,305179.55
460,265418.36
464,203455.89
465,186754.72
467,170340.0
468,170477.19
474,178127.2
480,201350.63
481,194292.78
483,223552.79
488,184858.12
492,172674.23
494,179251.9
499,323948.93
500,282772.76
501,305913.7
503,255849.54
506,215063.93
508,274195.69
511,287254.52
515,236864.38
519,241854.61
521,289164.85
530,230934.28
532,232782.66
534,194208.9
540,193082.19
541,127813.82
551,160908.46
552,181897.4
554,108112.66
555,118831.65
556,140809.77
557,131725.96
565,230669.24
566,271506.4
567,157739.7
569,203699.91
570,194945.54
574,247336.29
575,280601.69
576,219577.56
577,223944.68
578,254088.13
583,235967.94
584,239175.55
585,169341.43
587,196400.52
593,230529.81
597,249545.99
598,185177.0
599,182270.21
600,95208.04
605,187086.63
607,174227.37
608,169245.09
611,186364.76
616,114434.54
625,193327.07
629,175559.53
630,104903.07
631,141040.58
640,212912.29
642,186267.87
643,140042.35
646,101448.65
647,162564.3
655,52264.01
659,88536.07
663,12659.37
665,96356.86
667,248489.41
673,158598.87
676,110233.07
680,144833.29
682,132098.64
687,149077.15
688,184424.08
692,121439.98
693,100888.9
695,168714.61
697,106893.23
700,158548.07
702,160408.54
703,151867.3
704,107215.6
712,80365.73
713,86284.48
717,230631.49
720,193358.53
721,53558.85
726,148832.67
733,104677.56
736,100369.2
738,113150.13
741,135530.75
743,16999.95
745,91720.85
750,161323.68
756,78562.55
757,126517.47
758,178390.81
760,96041.04
765,134277.7
775,130126.78
776,127177.98
780,174047.72
783,171158.08
790,115116.49
795,70241.62
796,130568.37
797,151825.47
798,128083.04
804,217763.71
805,229904.43
806,248263.18
808,141760.7
814,172886.08
818,283519.11
821,266539.71
822,316765.76
825,287821.2
827,253041.4
830,213804.08
834,220546.97
835,208901.39
842,138163.74
845,215661.32
852,228690.8
857,116150.7
858,127447.41
859,109710.93
860,140055.12
861,118394.8
864,256774.23
868,201781.73
869,215020.69
872,275596.55
873,235044.77
885,93295.26
890,117451.73
895,85357.13
899,62228.34
906,123472.18
918,153063.8
923,161047.43
925,104823.26
927,124647.86
932,221963.56
933,139826.17
934,153759.11
942,88719.31
947,262549.02
948,281009.64
951,154722.57
957,257787.04
958,302994.22
959,216029.98
963,196207.78
967,221723.55
968,330184.9
971,149669.31
972,180942.91
976,69006.91
978,68901.36
979,94003.13
984,111328.49
986,150897.34
991,214189.85
996,191328.5
1001,243153.83
1007,201641.67
1008,180078.22
1009,219287.1
1014,160535.4
1022,252603.2
1024,188652.75
1027,132846.87
1030,170432.38
1032,153497.52
1035,169499.7
1042,154042.07
1047,169813.54
1050,102743.31
1055,287586.89
1059,365898.63
1061,347404.45
1064,423800.12
1077,223247.63
1081,242859.07
1092,219872.64
1093,191269.95
1095,202131.55
1099,286252.51
1101,293743.59
1103,323979.52
1109,255896.15
1112,206361.1
1113,254820.54
1114,239312.23
1116,261698.36
1117,211456.95
1119,280677.6
1121,230072.88
1122,199308.61
1125,272911.75
1137,177658.29
1142,225341.59
1144,191236.92
1145,211880.87
1147,191546.36
1148,193304.0
1149,165690.03
1150,122862.74
1153,117835.39
1154,105829.88
1159,346466.22
1161,181534.99
1167,177652.07
1171,275383.63
1174,193553.48
1188,210320.94
1189,175072.39
1191,155916.16
1195,132568.02
1199,192102.21
1201,196946.25
1204,219267.97
1211,170426.46
1214,187644.91
1219,125326.35
1220,32627.07
1227,198390.66
1229,232750.33
1231,137780.46
1234,209138.88
1235,124406.64
1239,187693.17
1240,187501.66
1241,203431.91
1246,94833.12
1249,192083.88
1250,141380.97
1252,140810.68
1259,176994.74
1267,106299.37
1269,107972.68
1270,151255.31
1272,121592.96
1274,154867.82
1276,126213.4
1279,142182.53
1281,190127.22
1286,132703.05
1287,118251.03
1290,77143.44
1291,128833.68
1297,177303.85
1302,156939.18
1303,2392.76
1312,80896.5
1315,116267.26
1322,31727.43
1327,86549.84
1331,124972.05
1333,111554.7
1334,112331.55
1336,94374.29
1341,98978.7
1344,76238.72
1347,152866.89
1348,184124.61
1353,178671.43
1355,121292.9
1356,111689.81
1357,181593.44
1361,152955.58
1364,120537.64
1368,126842.18
1369,90375.71
1371,124018.51
1373,127835.09
1374,113777.99
1387,131094.88
1388,107192.94
1392,160549.73
1394,136926.55
1406,182366.58
1407,207561.67
1408,149011.16
1409,167182.23
1411,206868.6
1412,116137.13
1413,146589.7
1414,114360.58
1425,261149.33
1430,187313.04
1431,200468.88
1435,227530.11
1441,229324.33
1444,221129.29
1445,116100.21
1446,135646.15
1452,110657.84
1453,115090.54
1456,235540.82
1457,231593.92
1460,290710.09
1463,261010.15
1468,224205.46
1471,208184.84
1474,222048.08
1475,200131.54
1476,229621.56
1478,211870.47
1482,152442.65
1483,152442.65
1484,153455.26
1485,153473.95
1496,155837.12
1497,138809.27
1500,162302.31
1506,94965.59
1507,104091.99
1509,109449.24
1510,128606.26
1513,83117.03
1517,137020.95
1518,142897.0
1523,186450.56
1524,151207.59
1526,140447.1
1529,181544.16
1531,151657.96
1535,115542.71
1536,167081.69
1538,337475.7
1540,215164.16
1543,144762.54
1545,111334.81
1546,116651.3
1557,56490.1
1558,102840.42
1559,53015.72
1563,275234.47
1568,180266.38
1571,201085.98
1578,139427.79
1579,207211.09
1584,251311.55
1586,298373.38
1604,127144.72
1606,141627.88
1610,185756.98
1611,116715.26
1618,158431.58
1623,195111.45
1624,190770.95
1628,181266.91
1633,235328.9
1645,159892.4
1649,239777.16
1652,162454.59
1653,180612.86
1656,164831.43
1662,199844.37
1668,114242.35
1670,99273.89
1672,101925.05
1673,168119.26
1674,172292.32
1677,150536.66
1678,139293.97
1679,127973.9
1685,315730.34
1692,376259.53
1693,285656.93
1696,381695.65
1709,316464.35
1711,280771.13
1717,197239.53
1718,200124.36
1721,240915.58
1722,224437.04
1725,290319.36
1726,221730.59
1730,165133.64
1731,187068.38
1733,168459.48
1737,192806.0
1746,247086.36
1747,191509.1
1748,187034.21
1749,210295.1
1760,187963.19
1761,464704.14
1762,331815.74
1768,483671.4
1769,236644.89
1770,290991.88
1776,202782.07
1781,378823.74
1785,290100.42
1792,225059.21
1798,272152.82
1812,188954.76
1814,232775.97
1817,133401.32
1818,188169.07
1822,113060.36
1823,125884.5
1829,235136.5
1838,192861.86
1845,178457.46
1851,205600.32
1855,299431.92
1856,167808.97
1858,224498.23
1865,240916.62
1866,162319.43
1867,205301.17
1868,236890.34
1876,135185.24
1878,149833.61
1879,161754.59
1882,129379.26
1883,123807.31
1887,88931.39
1895,157092.71
1898,149048.77
1904,35778.16
1908,169107.71
1917,138097.72
1918,123837.21
1920,124901.95
1922,131228.04
1923,158838.33
1931,122124.71
1935,113538.31
1936,110335.8
1939,121243.32
1943,92188.8
1944,112287.8
1946,250357.79
1952,70358.61
1954,102110.12
1958,137900.16
1964,113750.94
1966,134798.7
1969,99235.13
1977,102400.76
1980,60227.56
1984,119385.52
1985,68993.25
1988,98073.89
1989,101447.52
1991,152528.43
1992,107589.93
1997,112688.76
1999,208461.11
2003,102842.54
2005,100530.49
2010,106471.29
2012,141052.02
2016,114657.99
2017,114753.01
2022,174252.75
2023,160397.62
2035,156604.34
2036,222828.67
2040,90058.93
2042,171633.21
2043,88284.73
2055,130376.32
2056,114292.6
2059,109380.31
2064,113835.37
2066,214105.79
2070,137406.35
2071,77358.15
2078,241793.59
2080,172172.31
2085,127909.78
2089,121834.76
2090,186403.04
2092,259353.94
2094,245737.3
2095,232162.32
2098,345711.63
2099,269540.12
2103,268841.23
2120,147083.31
2122,175134.95
2123,169474.18
2134,207536.56
2135,124758.51
2136,132098.27
2143,132187.01
2145,313100.87
2146,260488.66
2148,209878.17
2155,300440.05
2156,277004.22
2157,154220.81
2159,209208.55
2161,193291.3
2164,203622.31
2165,168185.73
2169,141225.27
2171,105942.31
2180,152635.7
2182,520869.02
2184,119012.49
2185,90150.81
2188,50925.07
2191,87937.48
2192,80095.66
2196,184621.07
2198,77400.18
2204,151246.33
2210,194525.09
2213,146164.48
2215,276247.46
2219,253824.39
2221,225268.0
2224,200676.81
2228,202139.13
2232,115715.22
2239,117317.35
2246,287288.39
2247,288772.7
2249,163014.0
2251,181590.74
2254,162715.05
2256,228751.67
2259,259651.95
2263,248708.09
2266,219623.97
2271,184029.26
2274,226984.36
2275,257748.91
2280,152032.54
2281,118269.07
2291,81798.28
2292,156690.86
2295,207560.35
2297,115179.69
2299,154285.88
2302,115517.78
2303,119639.28
2304,118272.26
2308,209131.88
2312,232445.3
2314,174692.24
2315,184072.17
2316,180954.55
2320,244997.86
2321,275470.54
2322,219295.93
2325,173115.97
2336,333390.81
2340,292240.16
2341,305872.92
2342,348485.0
2345,237885.77
2346,187816.91
2347,171913.6
2354,246078.96
2357,219760.43
2359,176237.96
2360,126079.22
2361,78535.33
2362,86420.18
2366,139535.93
2367,135905.75
2370,145015.8
2373,126097.82
2376,123331.76
2378,155413.1
2382,259530.01
2387,295914.53
2392,321938.96
2395,301975.65
2396,315472.51
2397,280923.43
2399,331585.93
2401,363086.1
2402,270792.28
2407,198915.79
2411,168360.04
2414,197686.43
2418,272711.91
2419,192400.74
2424,192373.47
2427,181102.21
2430,233853.75
2439,205090.64
2441,243411.71
2442,234930.06
2446,451520.99
2447,364000.43
2452,299785.4
2457,331079.55
2458,280752.4
2462,358320.84
2465,197713.03
2467,199238.94
2473,150807.83
2478,199101.63
2479,176802.13
2482,162968.74
2485,129301.46
2488,173544.69
2494,116957.07
2500,269471.57
2509,167504.49
2512,197381.01
2514,162068.76
2515,208397.4
2516,232680.88
2518,173877.83
2519,218104.2
2520,205667.05
2527,201119.03
2532,125924.15
2538,125938.33
2539,150527.99
2543,125144.94
2551,134391.82
2554,106501.24
2555,96531.58
2557,72390.04
2561,137931.14
2563,148057.33
2564,136736.14
2570,123862.2
2571,286666.21
2576,167055.88
2582,136043.02
2584,155096.26
2587,132673.47
2589,119411.78
2591,226357.19
2597,103362.3
2602,152769.08
2605,182984.2
2610,188977.69
2611,158850.91
2614,135323.73
2616,220226.67
2617,200196.73
2620,129578.81
2623,81943.97
2631,169440.06
2638,141216.13
2639,101820.44
2645,120713.66
2647,83290.64
2648,107989.95
2650,120799.05
2652,125138.34
2656,75618.94
2658,159913.36
2661,196306.28
2665,182022.66
2673,150523.05
2678,58858.8
2679,121827.04
2680,63908.83
2685,94768.54
2695,110529.39
2698,124631.41
2700,203758.5
2706,126202.52
2708,149141.24
2709,152567.5
2711,136575.35
2718,186455.05
2719,197769.36
2721,170865.57
2725,164907.69
2726,231859.76
2732,223055.43
2733,133128.68
2739,192541.49
2747,182330.45
2751,237609.32
2754,205200.38
2755,242513.16
2756,221901.43
2758,230690.09
2763,219791.61
2764,248887.9
2765,181536.11
2766,154007.01
2768,180809.83
2781,244231.29
2784,194922.1
2785,116045.83
2786,110888.45
2796,253710.6
2797,282975.74
2801,250470.37
2805,249322.29
2806,217836.75
2812,206161.08
2817,103836.92
2822,147670.4
2825,235541.13
2828,164099.25
2831,172986.46
2843,111027.28
2845,83306.56
2847,150346.23
2855,171254.13
2856,128946.26
2859,137712.22
2865,189817.31
2867,156799.47
2869,202402.87
2870,206904.4
2874,145717.86
2876,55037.19
2889,162328.15
2892,275775.8
2895,260982.1
2898,261994.39
2901,298960.16
2902,317354.08
2908,132977.21
2909,118076.57
2916,148808.33
2917,92882.97
2919,80551.4
2921,84699.2
2922,211065.61
2925,177328.67
2928,123970.74
