Id,Saleprice
2,132210.28
4,240492.92
6,185761.23
7,239461.09
17,228097.08
18,330253.17
22,197207.62
27,99363.58
31,139416.06
36,171323.21
39,329643.87
40,290190.34
42,326083.22
46,224283.65
53,207508.07
58,186897.19
61,284550.23
72,199280.93
79,128511.83
80,209343.19
82,174773.3
83,106435.12
85,156718.73
88,116886.7
92,297271.19
93,265405.34
95,177582.55
102,221321.88
103,191678.14
106,236846.31
107,175490.28
110,223744.91
114,198366.28
116,181682.08
117,160117.2
118,154801.09
125,164468.28
126,188220.07
127,125644.11
128,176439.7
134,144332.14
135,168628.98
137,252295.5
143,121880.36
147,133829.57
148,184470.89
150,97796.43
156,159298.72
157,118004.95
159,152216.37
161,255005.2
167,140908.96
170,146097.36
171,88656.36
175,90405.89
179,148468.76
181,119980.96
186,211096.7
193,200463.39
194,63351.07
206,123949.13
208,152842.61
210,164216.18
211,98344.95
212,101859.17
214,72169.38
215,132280.27
217,136282.71
222,139162.54
227,139051.39
228,173801.28
233,182634.02
235,117130.14
238,140024.13
241,189756.91
252,229649.54
253,224235.47
256,164708.63
257,136056.81
258,215769.49
259,189570.14
261,150595.56
263,128569.67
266,228091.38
267,234670.92
270,152904.08
271,272770.95
276,95839.82
285,164240.85
288,52291.0
289,119599.72
290,124827.02
291,96061.44
292,102360.52
293,185281.58
294,227231.83
295,216496.82
304,141666.67
322,332689.89
326,187464.84
327,92128.77
328,115968.62
331,49995.93
332,63904.8
333,82889.96
335,139786.52
337,206762.28
342,140050.94
343,214762.47
347,186492.44
350,285190.98
352,227385.67
358,166837.01
359,173225.23
360,181871.11
368,314137.4
369,227612.48
373,216536.97
377,233469.31
383,168270.49
386,239624.83
387,236359.15
390,187494.93
391,186867.48
395,164864.39
397,140224.63
398,110122.22
401,101849.85
404,155563.83
408,132261.78
409,156077.65
410,168756.42
418,162103.62
422,366198.06
427,342960.35
431,369443.94
433,380997.45
437,290291.15
438,295246.27
442,318880.21
447,252484.35
459,301403.26
460,291839.26
464,201102.92
465,208359.83
467,187062.43
468,168234.77
474,196475.42
480,205039.19
481,209591.36
483,231053.03
488,187925.43
492,184153.31
494,186917.47
499,311165.94
500,288860.82
501,314899.3
503,233621.53
506,205853.69
508,298509.66
511,292804.97
515,219723.4
519,244350.4
521,309323.1
530,224871.48
532,226114.91
534,213075.4
540,208737.75
541,128650.06
551,169372.92
552,163359.54
554,128174.14
555,122771.43
556,150923.51
557,135364.61
565,223863.65
566,256769.89
567,160775.53
569,224979.75
570,197091.01
574,254543.23
575,268229.47
576,200355.93
577,223834.52
578,196522.18
583,213188.28
584,205215.56
585,154915.5
587,212388.46
593,220173.94
597,225573.07
598,191372.65
599,183086.76
600,97168.27
605,211401.0
607,176063.12
608,155778.74
611,185886.35
616,110766.47
625,185261.69
629,180376.75
630,120850.31
631,133687.96
640,210270.99
642,217175.14
643,147306.98
646,112132.0
647,139852.49
655,57379.88
659,116868.99
663,-3145.67
665,105687.12
667,275059.32
673,151182.59
676,111718.73
680,141978.27
682,124804.25
687,168991.05
688,191382.22
692,138128.79
693,109370.1
695,195090.72
697,121720.98
700,170800.05
702,183202.51
703,162541.3
704,88423.46
712,93583.85
713,108492.85
717,237825.94
720,213837.51
721,52377.05
726,188391.74
733,111319.64
736,116029.28
738,122193.4
741,122662.55
743,-8346.39
745,121581.83
750,175680.4
756,93264.64
757,151700.78
758,196156.92
760,61120.82
765,137066.18
775,137469.32
776,125732.08
780,162132.56
783,152151.61
790,116150.87
795,58709.98
796,136394.46
797,148645.33
798,123439.77
804,203034.99
805,218129.8
806,241642.63
808,130485.57
814,164713.02
818,256790.02
821,300856.61
822,329828.66
825,282478.93
827,259242.01
830,224059.06
834,223119.53
835,154163.32
842,142951.85
845,223905.65
852,233182.02
857,143572.94
858,132492.06
859,117223.48
860,143730.74
861,128770.38
864,259109.85
868,200969.55
869,206670.09
872,269780.23
873,234643.65
885,93798.33
890,126408.33
895,88675.12
899,41403.46
906,121930.06
918,155913.68
923,122698.04
925,109151.65
927,127681.33
932,190352.4
933,141264.43
934,147685.4
942,96203.15
947,247499.8
948,222653.37
951,143223.27
957,239405.95
958,297178.59
959,209575.44
963,191098.16
967,226756.39
968,339872.94
971,144005.73
972,189580.01
976,79062.62
978,67048.2
979,86927.52
984,101895.68
986,136756.51
991,183978.71
996,185360.25
1001,241558.18
1007,195494.28
1008,185841.2
1009,215808.79
1014,182429.63
1022,229505.69
1024,205970.16
1027,139736.02
1030,179200.26
1032,146338.05
1035,161989.38
1042,149550.76
1047,151288.37
1050,113962.36
1055,294284.61
1059,337033.41
1061,335644.6
1064,375972.0
1077,250911.18
1081,235248.36
1092,225550.47
1093,210263.75
1095,210034.1
1099,322059.81
1101,293710.62
1103,296626.64
1109,222294.45
1112,222999.97
1113,276584.65
1114,249691.38
1116,286122.82
1117,235425.68
1119,282896.17
1121,243822.46
1122,219397.48
1125,301198.61
1137,186517.82
1142,218059.71
1144,190974.27
1145,202551.96
1147,187383.71
1148,189621.45
1149,176386.37
1150,118956.11
1153,114595.93
1154,109752.74
1159,340849.68
1161,191552.06
1167,180411.56
1171,267245.53
1174,192616.54
1188,203161.69
1189,187348.92
1191,178437.6
1195,145967.04
1199,186463.68
1201,198598.59
1204,225033.9
1211,146428.9
1214,182086.73
1219,139442.8
1220,24576.3
1227,178385.85
1229,218494.7
1231,146048.46
1234,226473.09
1235,128994.87
1239,165775.44
1240,161809.96
1241,167340.41
1246,92041.81
1249,180574.47
1250,129976.02
1252,111378.69
1259,190723.26
1267,107814.91
1269,104739.32
1270,142360.84
1272,124297.98
1274,144183.94
1276,133687.52
1279,130025.52
1281,190640.22
1286,165331.28
1287,139886.75
1290,86605.72
1291,156940.14
1297,185916.85
1302,141389.72
1303,7035.53
1312,103337.93
1315,110104.14
1322,40465.02
1327,105389.67
1331,117298.62
1333,124444.3
1334,133792.88
1336,131586.3
1341,121234.77
1344,95831.96
1347,147682.0
1348,190691.19
1353,177268.24
1355,139457.9
1356,138974.84
1357,179124.8
1361,142283.99
1364,149638.8
1368,141153.03
1369,120533.0
1371,148462.06
1373,117246.35
1374,121541.2
1387,132536.53
1388,94760.49
1392,134372.48
1394,117802.18
1406,159699.01
1407,198263.87
1408,128746.12
1409,170549.22
1411,137681.48
1412,89280.62
1413,166915.58
1414,120937.14
1425,285699.34
1430,166929.25
1431,189967.54
1435,216476.72
1441,225608.4
1444,214676.95
1445,121361.95
1446,146555.65
1452,117928.39
1453,106536.95
1456,231698.09
1457,243838.3
1460,276470.52
1463,269540.5
1468,214473.85
1471,214980.56
1474,229509.53
1475,219480.18
1476,248593.19
1478,242918.22
1482,151765.44
1483,151765.44
1484,154767.31
1485,161659.67
1496,162140.89
1497,129150.82
1500,162133.84
1506,97308.27
1507,100931.83
1509,123865.61
1510,127528.58
1513,108448.37
1517,143723.8
1518,143347.79
1523,187213.13
1524,129155.79
1526,161802.84
1529,197720.06
1531,157180.23
1535,108992.88
1536,140792.24
1538,317043.51
1540,209659.21
1543,141767.93
1545,137505.64
1546,138823.85
1557,76176.77
1558,124255.47
1559,66944.81
1563,244534.23
1568,174446.27
1571,167994.01
1578,146698.56
1579,215052.69
1584,257004.24
1586,303692.39
1604,120048.22
1606,147364.41
1610,159548.57
1611,114092.84
1618,167216.49
1623,184533.98
1624,186849.14
1628,186957.81
1633,204613.72
1645,172187.07
1649,239179.42
1652,186424.41
1653,182659.35
1656,157603.66
1662,187748.57
1668,116518.54
1670,103480.99
1672,108188.61
1673,170960.44
1674,183625.82
1677,161954.37
1678,160919.24
1679,145638.71
1685,317562.54
1692,350590.17
1693,296696.36
1696,364544.66
1709,307896.04
1711,295840.31
1717,196816.88
1718,196816.88
1721,256510.56
1722,247159.6
1725,301257.52
1726,248935.78
1730,189250.93
1731,193441.53
1733,170633.68
1737,211321.27
1746,239989.73
1747,187709.35
1748,197585.66
1749,214201.6
1760,185551.96
1761,367470.07
1762,316796.21
1768,429896.75
1769,219865.57
1770,281531.45
1776,213998.95
1781,373861.43
1785,274810.02
1792,220940.74
1798,277467.33
1812,182973.99
1814,208613.9
1817,133762.48
1818,174669.42
1822,136299.67
1823,109684.73
1829,234028.4
1838,206359.01
1845,179131.76
1851,210574.26
1855,275164.8
1856,151893.0
1858,205492.69
1865,214731.63
1866,160454.67
1867,182636.61
1868,216765.22
1876,138408.02
1878,140972.07
1879,192780.41
1882,148515.32
1883,139715.1
1887,81614.53
1895,169306.54
1898,168860.32
1904,17686.46
1908,191729.93
1917,139826.43
1918,124050.43
1920,136493.57
1922,138526.51
1923,152290.83
1931,136596.03
1935,136280.98
1936,124722.09
1939,113478.3
1943,101683.87
1944,132633.79
1946,212786.47
1952,83032.47
1954,111473.99
1958,140681.84
1964,139121.52
1966,131336.83
1969,100394.25
1977,92023.31
1980,93231.22
1984,164037.36
1985,74667.23
1988,88721.88
1989,138739.65
1991,158417.93
1992,119659.42
1997,128187.7
1999,203603.17
2003,105736.53
2005,91712.33
2010,125657.49
2012,140821.22
2016,126724.48
2017,115055.51
2022,182453.37
2023,160899.45
2035,143420.2
2036,198533.34
2040,115381.76
2042,181181.08
2043,77775.39
2055,138313.12
2056,117581.65
2059,116547.51
2064,123427.87
2066,211217.75
2070,159292.32
2071,66966.61
2078,202963.58
2080,142606.68
2085,135948.59
2089,119513.73
2090,185843.64
2092,234883.61
2094,239317.04
2095,221263.61
2098,338408.17
2099,294643.5
2103,294643.5
2120,165779.71
2122,185686.63
2123,171094.47
2134,221673.79
2135,126944.14
2136,147209.06
2143,143337.99
2145,311328.17
2146,257989.89
2148,224410.83
2155,300261.93
2156,272105.75
2157,152472.62
2159,213718.38
2161,209041.27
2164,205397.2
2165,191227.38
2169,119011.72
2171,111089.46
2180,152923.67
2182,448213.08
2184,123310.82
2185,58384.51
2188,60174.04
2191,100849.97
2192,76359.96
2196,161371.43
2198,94045.27
2204,177513.53
2210,194519.61
2213,104215.53
2215,244261.1
2219,242050.32
2221,202617.33
2224,201453.21
2228,198031.07
2232,122028.46
2239,136985.32
2246,260971.39
2247,263550.51
2249,152877.35
2251,193600.08
2254,156709.95
2256,222012.15
2259,231485.05
2263,273235.4
2266,212720.64
2271,217080.83
2274,187105.09
2275,278711.3
2280,148394.9
2281,116640.74
2291,93578.44
2292,159809.56
2295,164501.63
2297,93969.53
2299,131205.54
2302,116823.57
2303,108551.2
2304,109594.94
2308,205451.25
2312,239338.41
2314,164450.8
2315,179105.37
2316,186237.46
2320,259536.28
2321,283729.71
2322,223602.94
2325,170023.19
2336,339652.65
2340,292316.01
2341,290259.66
2342,330995.92
2345,221332.19
2346,172304.72
2347,169349.29
2354,223618.19
2357,204558.18
2359,178633.58
2360,129845.7
2361,91600.0
2362,74178.34
2366,151216.8
2367,144878.54
2370,161264.12
2373,139858.79
2376,121045.43
2378,162608.19
2382,280327.3
2387,302799.47
2392,331824.7
2395,303766.96
2396,307523.08
2397,304461.76
2399,335932.3
2401,369421.73
2402,272364.71
2407,220401.33
2411,188290.82
2414,199578.02
2418,276928.97
2419,211674.37
2424,212002.19
2427,207457.21
2430,229975.94
2439,231266.86
2441,237005.2
2442,230805.21
2446,423757.6
2447,351995.92
2452,301890.35
2457,310401.09
2458,287101.36
2462,346967.31
2465,203431.6
2467,203928.33
2473,151778.88
2478,196065.44
2479,177354.1
2482,173668.63
2485,119553.54
2488,174708.37
2494,117351.08
2500,268358.82
2509,173852.49
2512,203911.81
2514,171495.11
2515,180966.0
2516,246147.45
2518,175017.7
2519,200155.12
2520,193910.66
2527,200533.65
2532,132999.78
2538,125221.7
2539,151081.5
2543,128477.08
2551,134166.33
2554,105318.54
2555,79091.85
2557,93886.33
2561,135144.35
2563,120604.99
2564,122374.22
2570,108166.55
2571,255312.24
2576,173699.71
2582,131139.71
2584,155353.99
2587,121620.76
2589,121875.77
2591,203573.44
2597,115463.66
2602,152426.99
2605,171578.02
2610,169033.11
2611,164629.49
2614,132118.72
2616,184638.42
2617,144755.58
2620,108095.7
2623,56735.86
2631,161591.01
2638,134781.88
2639,127927.2
2645,135894.28
2647,97127.93
2648,128619.97
2650,135828.02
2652,127622.99
2656,96473.04
2658,172552.38
2661,224618.64
2665,180291.85
2673,172383.87
2678,61423.7
2679,115280.73
2680,19272.82
2685,104702.55
2695,126971.68
2698,137184.42
2700,213611.58
2706,124118.92
2708,160777.8
2709,158809.51
2711,127744.32
2718,217312.79
2719,222173.93
2721,178776.68
2725,155655.23
2726,217645.57
2732,203705.91
2733,110753.06
2739,171399.05
2747,173631.89
2751,244858.64
2754,222536.82
2755,267738.13
2756,221088.19
2758,218405.72
2763,231217.34
2764,235303.56
2765,196575.09
2766,144866.26
2768,178589.25
2781,248993.2
2784,188626.51
2785,117218.07
2786,114705.96
2796,263021.46
2797,268573.04
2801,226619.02
2805,256447.27
2806,227215.16
2812,212074.42
2817,118839.6
2822,126671.84
2825,235781.15
2828,162612.8
2831,187813.29
2843,127509.06
2845,85735.25
2847,152230.16
2855,173484.49
2856,116725.57
2859,140125.47
2865,172379.98
2867,155557.26
2869,200015.89
2870,180678.46
2874,146481.56
2876,63085.29
2889,152738.52
2892,252032.09
2895,270938.54
2898,232056.21
2901,292030.96
2902,296544.21
2908,130432.36
2909,100711.37
2916,163266.1
2917,70766.19
2919,63904.8
2921,90679.1
2922,213253.37
2925,169350.61
2928,116512.78
