Id,Saleprice
2,134010.25491725543
4,291589.60114330624
6,176942.84539973008
7,228870.4869791452
17,185937.8964966705
18,316463.433287137
22,152069.01325589934
27,134010.25491725543
31,134010.25491725543
36,134010.25491725543
39,396607.38618432346
40,228870.4869791452
42,316463.433287137
46,228870.4869791452
53,228870.4869791452
58,158884.08706108617
61,228870.4869791452
72,228870.4869791452
79,134010.25491725543
80,228870.4869791452
82,134010.25491725543
83,134010.25491725543
85,152069.01325589934
88,134010.25491725543
92,228870.4869791452
93,228870.4869791452
95,228870.4869791452
102,228870.4869791452
103,228870.4869791452
106,228870.4869791452
107,203996.65483531443
110,228870.4869791452
114,158884.08706108617
116,152069.01325589934
117,134010.25491725543
118,134010.25491725543
125,176942.84539973008
126,134010.25491725543
127,152069.01325589934
128,185937.8964966705
134,158884.08706108617
135,152069.01325589934
137,134010.25491725543
143,134010.25491725543
147,134010.25491725543
148,134010.25491725543
150,152069.01325589934
156,134010.25491725543
157,134010.25491725543
159,134010.25491725543
161,203996.65483531443
167,134010.25491725543
170,158884.08706108617
171,134010.25491725543
175,185937.8964966705
179,176942.84539973008
181,134010.25491725543
186,203996.65483531443
193,152069.01325589934
194,152069.01325589934
206,82895.34549245013
208,152069.01325589934
210,134010.25491725543
211,152069.01325589934
212,82895.34549245013
214,134010.25491725543
215,134010.25491725543
217,82895.34549245013
222,152069.01325589934
227,134010.25491725543
228,134010.25491725543
233,228870.4869791452
235,152069.01325589934
238,134010.25491725543
241,176942.84539973008
252,176942.84539973008
253,228870.4869791452
256,134010.25491725543
257,158884.08706108617
258,158884.08706108617
259,176942.84539973008
261,134010.25491725543
263,134010.25491725543
266,228870.4869791452
267,228870.4869791452
270,228870.4869791452
271,228870.4869791452
276,134010.25491725543
285,134010.25491725543
288,134010.25491725543
289,152069.01325589934
290,134010.25491725543
291,134010.25491725543
292,158884.08706108617
293,176942.84539973008
294,185937.8964966705
295,134010.25491725543
304,134010.25491725543
322,396607.38618432346
326,158884.08706108617
327,134010.25491725543
328,134010.25491725543
331,134010.25491725543
332,134010.25491725543
333,134010.25491725543
335,134010.25491725543
337,158884.08706108617
342,134010.25491725543
343,134010.25491725543
347,158884.08706108617
350,228870.4869791452
352,158884.08706108617
358,290955.6815376878
359,176942.84539973008
360,176942.84539973008
368,228870.4869791452
369,228870.4869791452
373,134010.25491725543
377,152069.01325589934
383,152069.01325589934
386,228870.4869791452
387,228870.4869791452
390,134010.25491725543
391,134010.25491725543
395,152069.01325589934
397,134010.25491725543
398,134010.25491725543
401,134010.25491725543
404,134010.25491725543
408,134010.25491725543
409,134010.25491725543
410,134010.25491725543
418,134010.25491725543
422,396607.38618432346
427,396607.38618432346
431,371733.5540404927
433,396607.38618432346
437,316463.433287137
438,228870.4869791452
442,396607.38618432346
447,228870.4869791452
459,396607.38618432346
460,396607.38618432346
464,228870.4869791452
465,228870.4869791452
467,228870.4869791452
468,228870.4869791452
474,228870.4869791452
480,228870.4869791452
481,228870.4869791452
483,228870.4869791452
488,158884.08706108617
492,158884.08706108617
494,158884.08706108617
499,228870.4869791452
500,228870.4869791452
501,228870.4869791452
503,228870.4869791452
506,228870.4869791452
508,228870.4869791452
511,228870.4869791452
515,176942.84539973008
519,228870.4869791452
521,228870.4869791452
530,228870.4869791452
532,228870.4869791452
534,228870.4869791452
540,228870.4869791452
541,176942.84539973008
551,134010.25491725543
552,134010.25491725543
554,134010.25491725543
555,134010.25491725543
556,134010.25491725543
557,134010.25491725543
565,228870.4869791452
566,228870.4869791452
567,228870.4869791452
569,228870.4869791452
570,228870.4869791452
574,228870.4869791452
575,371733.5540404927
576,203996.65483531443
577,203996.65483531443
578,185937.8964966705
583,134010.25491725543
584,152069.01325589934
585,134010.25491725543
587,134010.25491725543
593,228870.4869791452
597,134010.25491725543
598,134010.25491725543
599,134010.25491725543
600,134010.25491725543
605,134010.25491725543
607,152069.01325589934
608,134010.25491725543
611,134010.25491725543
616,152069.01325589934
625,134010.25491725543
629,134010.25491725543
630,134010.25491725543
631,185937.8964966705
640,134010.25491725543
642,158884.08706108617
643,134010.25491725543
646,152069.01325589934
647,185937.8964966705
655,134010.25491725543
659,203996.65483531443
663,125827.93597492481
665,152069.01325589934
667,134010.25491725543
673,134010.25491725543
676,185937.8964966705
680,134010.25491725543
682,134010.25491725543
687,134010.25491725543
688,134010.25491725543
692,134010.25491725543
693,158884.08706108617
695,134010.25491725543
697,152069.01325589934
700,134010.25491725543
702,134010.25491725543
703,134010.25491725543
704,134010.25491725543
712,210811.72864050127
713,134010.25491725543
717,203996.65483531443
720,203996.65483531443
721,134010.25491725543
726,176942.84539973008
733,152069.01325589934
736,134010.25491725543
738,134010.25491725543
741,134010.25491725543
743,100954.10383109405
745,134010.25491725543
750,158884.08706108617
756,134010.25491725543
757,152069.01325589934
758,134010.25491725543
760,176942.84539973008
765,158884.08706108617
775,134010.25491725543
776,134010.25491725543
780,134010.25491725543
783,239661.95956389114
790,134010.25491725543
795,134010.25491725543
796,203996.65483531443
797,134010.25491725543
798,134010.25491725543
804,228870.4869791452
805,228870.4869791452
806,228870.4869791452
808,134010.25491725543
814,152069.01325589934
818,158884.08706108617
821,316463.433287137
822,396607.38618432346
825,228870.4869791452
827,228870.4869791452
830,228870.4869791452
834,228870.4869791452
835,158884.08706108617
842,158884.08706108617
845,228870.4869791452
852,228870.4869791452
857,185937.8964966705
858,152069.01325589934
859,134010.25491725543
860,134010.25491725543
861,134010.25491725543
864,228870.4869791452
868,228870.4869791452
869,228870.4869791452
872,228870.4869791452
873,228870.4869791452
885,152069.01325589934
890,134010.25491725543
895,134010.25491725543
899,152069.01325589934
906,158884.08706108617
918,134010.25491725543
923,134010.25491725543
925,134010.25491725543
927,134010.25491725543
932,158884.08706108617
933,134010.25491725543
934,152069.01325589934
942,158884.08706108617
947,228870.4869791452
948,228870.4869791452
951,134010.25491725543
957,134010.25491725543
958,316463.433287137
959,176942.84539973008
963,152069.01325589934
967,228870.4869791452
968,396607.38618432346
971,134010.25491725543
972,158884.08706108617
976,152069.01325589934
978,134010.25491725543
979,134010.25491725543
984,134010.25491725543
986,134010.25491725543
991,134010.25491725543
996,158884.08706108617
1001,228870.4869791452
1007,228870.4869791452
1008,176942.84539973008
1009,228870.4869791452
1014,134010.25491725543
1022,203996.65483531443
1024,176942.84539973008
1027,134010.25491725543
1030,134010.25491725543
1032,152069.01325589934
1035,134010.25491725543
1042,134010.25491725543
1047,134010.25491725543
1050,134010.25491725543
1055,228870.4869791452
1059,316463.433287137
1061,316463.433287137
1064,396607.38618432346
1077,228870.4869791452
1081,228870.4869791452
1092,228870.4869791452
1093,158884.08706108617
1095,228870.4869791452
1099,228870.4869791452
1101,228870.4869791452
1103,228870.4869791452
1109,228870.4869791452
1112,228870.4869791452
1113,228870.4869791452
1114,228870.4869791452
1116,176942.84539973008
1117,316463.433287137
1119,228870.4869791452
1121,228870.4869791452
1122,228870.4869791452
1125,228870.4869791452
1137,176942.84539973008
1142,176942.84539973008
1144,228870.4869791452
1145,228870.4869791452
1147,228870.4869791452
1148,228870.4869791452
1149,228870.4869791452
1150,158884.08706108617
1153,134010.25491725543
1154,134010.25491725543
1159,228870.4869791452
1161,228870.4869791452
1167,158884.08706108617
1171,316463.433287137
1174,228870.4869791452
1188,134010.25491725543
1189,203996.65483531443
1191,134010.25491725543
1195,185937.8964966705
1199,134010.25491725543
1201,203996.65483531443
1204,134010.25491725543
1211,134010.25491725543
1214,134010.25491725543
1219,152069.01325589934
1220,134010.25491725543
1227,152069.01325589934
1229,152069.01325589934
1231,134010.25491725543
1234,203996.65483531443
1235,134010.25491725543
1239,152069.01325589934
1240,134010.25491725543
1241,134010.25491725543
1246,152069.01325589934
1249,134010.25491725543
1250,134010.25491725543
1252,134010.25491725543
1259,134010.25491725543
1267,203996.65483531443
1269,134010.25491725543
1270,134010.25491725543
1272,134010.25491725543
1274,134010.25491725543
1276,152069.01325589934
1279,134010.25491725543
1281,134010.25491725543
1286,176942.84539973008
1287,134010.25491725543
1290,134010.25491725543
1291,203996.65483531443
1297,134010.25491725543
1302,134010.25491725543
1303,134010.25491725543
1312,134010.25491725543
1315,203996.65483531443
1322,82895.34549245013
1327,134010.25491725543
1331,134010.25491725543
1333,152069.01325589934
1334,134010.25491725543
1336,134010.25491725543
1341,134010.25491725543
1344,134010.25491725543
1347,134010.25491725543
1348,134010.25491725543
1353,158884.08706108617
1355,134010.25491725543
1356,152069.01325589934
1357,158884.08706108617
1361,134010.25491725543
1364,134010.25491725543
1368,134010.25491725543
1369,134010.25491725543
1371,134010.25491725543
1373,134010.25491725543
1374,134010.25491725543
1387,158884.08706108617
1388,134010.25491725543
1392,158884.08706108617
1394,134010.25491725543
1406,134010.25491725543
1407,134010.25491725543
1408,176942.84539973008
1409,134010.25491725543
1411,152069.01325589934
1412,158884.08706108617
1413,185937.8964966705
1414,134010.25491725543
1425,228870.4869791452
1430,134010.25491725543
1431,176942.84539973008
1435,176942.84539973008
1441,228870.4869791452
1444,228870.4869791452
1445,134010.25491725543
1446,185937.8964966705
1452,134010.25491725543
1453,134010.25491725543
1456,228870.4869791452
1457,228870.4869791452
1460,228870.4869791452
1463,228870.4869791452
1468,228870.4869791452
1471,176942.84539973008
1474,228870.4869791452
1475,228870.4869791452
1476,228870.4869791452
1478,228870.4869791452
1482,228870.4869791452
1483,228870.4869791452
1484,228870.4869791452
1485,228870.4869791452
1496,134010.25491725543
1497,176942.84539973008
1500,158884.08706108617
1506,264535.7917077219
1507,134010.25491725543
1509,134010.25491725543
1510,158884.08706108617
1513,176942.84539973008
1517,152069.01325589934
1518,176942.84539973008
1523,134010.25491725543
1524,134010.25491725543
1526,134010.25491725543
1529,228870.4869791452
1531,134010.25491725543
1535,134010.25491725543
1536,158884.08706108617
1538,152069.01325589934
1540,152069.01325589934
1543,134010.25491725543
1545,134010.25491725543
1546,134010.25491725543
1557,158884.08706108617
1558,82895.34549245013
1559,152069.01325589934
1563,228870.4869791452
1568,134010.25491725543
1571,134010.25491725543
1578,176942.84539973008
1579,228870.4869791452
1584,228870.4869791452
1586,228870.4869791452
1604,134010.25491725543
1606,158884.08706108617
1610,134010.25491725543
1611,134010.25491725543
1618,158884.08706108617
1623,158884.08706108617
1624,228870.4869791452
1628,228870.4869791452
1633,203996.65483531443
1645,134010.25491725543
1649,152069.01325589934
1652,134010.25491725543
1653,152069.01325589934
1656,134010.25491725543
1662,134010.25491725543
1668,134010.25491725543
1670,134010.25491725543
1672,158884.08706108617
1673,158884.08706108617
1674,228870.4869791452
1677,134010.25491725543
1678,239661.95956389114
1679,134010.25491725543
1685,396607.38618432346
1692,396607.38618432346
1693,316463.433287137
1696,396607.38618432346
1709,228870.4869791452
1711,316463.433287137
1717,228870.4869791452
1718,228870.4869791452
1721,228870.4869791452
1722,228870.4869791452
1725,396607.38618432346
1726,228870.4869791452
1730,228870.4869791452
1731,176942.84539973008
1733,228870.4869791452
1737,228870.4869791452
1746,228870.4869791452
1747,228870.4869791452
1748,228870.4869791452
1749,228870.4869791452
1760,158884.08706108617
1761,316463.433287137
1762,228870.4869791452
1768,396607.38618432346
1769,210811.72864050127
1770,228870.4869791452
1776,228870.4869791452
1781,396607.38618432346
1785,396607.38618432346
1792,228870.4869791452
1798,228870.4869791452
1812,228870.4869791452
1814,228870.4869791452
1817,152069.01325589934
1818,134010.25491725543
1822,152069.01325589934
1823,152069.01325589934
1829,203996.65483531443
1838,228870.4869791452
1845,228870.4869791452
1851,228870.4869791452
1855,203996.65483531443
1856,176942.84539973008
1858,203996.65483531443
1865,134010.25491725543
1866,158884.08706108617
1867,158884.08706108617
1868,152069.01325589934
1876,134010.25491725543
1878,134010.25491725543
1879,134010.25491725543
1882,134010.25491725543
1883,134010.25491725543
1887,134010.25491725543
1895,134010.25491725543
1898,152069.01325589934
1904,152069.01325589934
1908,134010.25491725543
1917,152069.01325589934
1918,152069.01325589934
1920,134010.25491725543
1922,134010.25491725543
1923,134010.25491725543
1931,239661.95956389114
1935,152069.01325589934
1936,152069.01325589934
1939,134010.25491725543
1943,185937.8964966705
1944,152069.01325589934
1946,152069.01325589934
1952,239661.95956389114
1954,134010.25491725543
1958,134010.25491725543
1964,152069.01325589934
1966,134010.25491725543
1969,134010.25491725543
1977,176942.84539973008
1980,134010.25491725543
1984,134010.25491725543
1985,134010.25491725543
1988,152069.01325589934
1989,185937.8964966705
1991,134010.25491725543
1992,176942.84539973008
1997,152069.01325589934
1999,134010.25491725543
2003,134010.25491725543
2005,134010.25491725543
2010,134010.25491725543
2012,134010.25491725543
2016,134010.25491725543
2017,152069.01325589934
2022,134010.25491725543
2023,158884.08706108617
2035,176942.84539973008
2036,152069.01325589934
2040,134010.25491725543
2042,82895.34549245013
2043,134010.25491725543
2055,134010.25491725543
2056,134010.25491725543
2059,134010.25491725543
2064,152069.01325589934
2066,134010.25491725543
2070,134010.25491725543
2071,82895.34549245013
2078,152069.01325589934
2080,152069.01325589934
2085,185937.8964966705
2089,158884.08706108617
2090,152069.01325589934
2092,203996.65483531443
2094,228870.4869791452
2095,203996.65483531443
2098,228870.4869791452
2099,228870.4869791452
2103,228870.4869791452
2120,158884.08706108617
2122,228870.4869791452
2123,176942.84539973008
2134,228870.4869791452
2135,134010.25491725543
2136,134010.25491725543
2143,239661.95956389114
2145,228870.4869791452
2146,228870.4869791452
2148,228870.4869791452
2155,228870.4869791452
2156,228870.4869791452
2157,228870.4869791452
2159,228870.4869791452
2161,228870.4869791452
2164,228870.4869791452
2165,228870.4869791452
2169,134010.25491725543
2171,134010.25491725543
2180,158884.08706108617
2182,396607.38618432346
2184,152069.01325589934
2185,176942.84539973008
2188,152069.01325589934
2191,134010.25491725543
2192,134010.25491725543
2196,158884.08706108617
2198,134010.25491725543
2204,203996.65483531443
2210,134010.25491725543
2213,134010.25491725543
2215,158884.08706108617
2219,203996.65483531443
2221,176942.84539973008
2224,134010.25491725543
2228,134010.25491725543
2232,152069.01325589934
2239,134010.25491725543
2246,228870.4869791452
2247,228870.4869791452
2249,134010.25491725543
2251,228870.4869791452
2254,134010.25491725543
2256,203996.65483531443
2259,152069.01325589934
2263,228870.4869791452
2266,203996.65483531443
2271,210811.72864050127
2274,134010.25491725543
2275,228870.4869791452
2280,158884.08706108617
2281,158884.08706108617
2291,134010.25491725543
2292,158884.08706108617
2295,176942.84539973008
2297,134010.25491725543
2299,134010.25491725543
2302,134010.25491725543
2303,134010.25491725543
2304,158884.08706108617
2308,134010.25491725543
2312,176942.84539973008
2314,158884.08706108617
2315,158884.08706108617
2316,158884.08706108617
2320,228870.4869791452
2321,228870.4869791452
2322,228870.4869791452
2325,176942.84539973008
2336,316463.433287137
2340,228870.4869791452
2341,228870.4869791452
2342,396607.38618432346
2345,152069.01325589934
2346,158884.08706108617
2347,134010.25491725543
2354,228870.4869791452
2357,158884.08706108617
2359,134010.25491725543
2360,134010.25491725543
2361,134010.25491725543
2362,134010.25491725543
2366,152069.01325589934
2367,134010.25491725543
2370,134010.25491725543
2373,134010.25491725543
2376,134010.25491725543
2378,134010.25491725543
2382,228870.4869791452
2387,228870.4869791452
2392,396607.38618432346
2395,316463.433287137
2396,316463.433287137
2397,316463.433287137
2399,396607.38618432346
2401,396607.38618432346
2402,316463.433287137
2407,228870.4869791452
2411,228870.4869791452
2414,228870.4869791452
2418,228870.4869791452
2419,228870.4869791452
2424,228870.4869791452
2427,228870.4869791452
2430,228870.4869791452
2439,228870.4869791452
2441,228870.4869791452
2442,228870.4869791452
2446,228870.4869791452
2447,316463.433287137
2452,228870.4869791452
2457,316463.433287137
2458,228870.4869791452
2462,316463.433287137
2465,228870.4869791452
2467,228870.4869791452
2473,176942.84539973008
2478,158884.08706108617
2479,228870.4869791452
2482,228870.4869791452
2485,134010.25491725543
2488,134010.25491725543
2494,134010.25491725543
2500,203996.65483531443
2509,228870.4869791452
2512,228870.4869791452
2514,228870.4869791452
2515,228870.4869791452
2516,228870.4869791452
2518,185937.8964966705
2519,185937.8964966705
2520,203996.65483531443
2527,134010.25491725543
2532,158884.08706108617
2538,134010.25491725543
2539,158884.08706108617
2543,134010.25491725543
2551,134010.25491725543
2554,134010.25491725543
2555,134010.25491725543
2557,158884.08706108617
2561,134010.25491725543
2563,152069.01325589934
2564,134010.25491725543
2570,134010.25491725543
2571,228870.4869791452
2576,134010.25491725543
2582,134010.25491725543
2584,134010.25491725543
2587,134010.25491725543
2589,134010.25491725543
2591,185937.8964966705
2597,152069.01325589934
2602,134010.25491725543
2605,134010.25491725543
2610,152069.01325589934
2611,134010.25491725543
2614,152069.01325589934
2616,134010.25491725543
2617,152069.01325589934
2620,152069.01325589934
2623,134010.25491725543
2631,134010.25491725543
2638,134010.25491725543
2639,176942.84539973008
2645,228870.4869791452
2647,134010.25491725543
2648,239661.95956389114
2650,134010.25491725543
2652,134010.25491725543
2656,134010.25491725543
2658,152069.01325589934
2661,134010.25491725543
2665,152069.01325589934
2673,134010.25491725543
2678,185937.8964966705
2679,134010.25491725543
2680,134010.25491725543
2685,134010.25491725543
2695,152069.01325589934
2698,134010.25491725543
2700,134010.25491725543
2706,134010.25491725543
2708,134010.25491725543
2709,134010.25491725543
2711,134010.25491725543
2718,134010.25491725543
2719,134010.25491725543
2721,134010.25491725543
2725,134010.25491725543
2726,134010.25491725543
2732,176942.84539973008
2733,134010.25491725543
2739,134010.25491725543
2747,203996.65483531443
2751,228870.4869791452
2754,228870.4869791452
2755,228870.4869791452
2756,228870.4869791452
2758,228870.4869791452
2763,228870.4869791452
2764,228870.4869791452
2765,134010.25491725543
2766,134010.25491725543
2768,134010.25491725543
2781,228870.4869791452
2784,134010.25491725543
2785,134010.25491725543
2786,134010.25491725543
2796,228870.4869791452
2797,228870.4869791452
2801,176942.84539973008
2805,228870.4869791452
2806,228870.4869791452
2812,228870.4869791452
2817,134010.25491725543
2822,134010.25491725543
2825,228870.4869791452
2828,158884.08706108617
2831,228870.4869791452
2843,210811.72864050127
2845,152069.01325589934
2847,134010.25491725543
2855,134010.25491725543
2856,134010.25491725543
2859,158884.08706108617
2865,134010.25491725543
2867,158884.08706108617
2869,152069.01325589934
2870,134010.25491725543
2874,158884.08706108617
2876,152069.01325589934
2889,134010.25491725543
2892,228870.4869791452
2895,185937.8964966705
2898,134010.25491725543
2901,228870.4869791452
2902,228870.4869791452
2908,158884.08706108617
2909,158884.08706108617
2916,158884.08706108617
2917,239661.95956389114
2919,134010.25491725543
2921,134010.25491725543
2922,134010.25491725543
2925,134010.25491725543
2928,158884.08706108617
